a 候选 共 13816 个

G1（965 个）
964 965 966 968 969 970 971 972 973 974 976 978 979 980 981 982 983 984 985 986 987 988 989 990 994 996 997 998 1003 1004 1005 1012 1013 1014 1411 1413 1414 1415 1417 1418 1419 1420 1421 1422 1423 1426 1427 1428 1429 1430 1431 1432 1433 1434 1435 1436 1437 1438 1439 1442 1446 1447 1448 1449 1453 1454 1458 1459 1460 1461 1462 1463 1464 1465 1466 1467 1468 1469 1470 1471 1474 1475 1476 1477 1478 1479 1480 1481 1482 1483 1484 1485 1486 1487 1490 1491 1492 1494 1495 1496 1497 1498 1499 1500 1501 1502 1503 1504 1506 1507 1508 1509 1510 1511 1512 1513 1514 1515 1516 1517 1518 1519 1523 1524 1526 1527 1528 1529 1531 1667 1669 1671 1673 1675 1677 1679 1683 1684 1685 1686 1687 1688 1689 1690 1691 1692 1693 1694 1695 1699 1701 1703 1705 1709 1711 1714 1715 1716 1717 1718 1719 1720 1721 1722 1723 1724 1725 1726 1727 1731 1733 1735 1737 1739 1741 1743 1746 1747 1748 1749 1750 1751 1752 1753 1754 1755 1756 1757 1758 1759 1767 1769 1771 1773 1775 1776 1778 1779 1780 1781 1782 1783 1784 1785 1786 1787 1788 1789 1801 1802 1803 1804 1805 1832 1833 1834 1835 1836 1837 1851 1852 1853 1864 1865 1866 1867 1868 1869 1870 1871 1880 1881 1882 1883 1884 1885 1886 1887 1896 1897 1898 1899 1900 1901 1912 1913 1914 1915 1916 1917 1925 1926 1929 1930 1931 1932 1933 1934 1938 1939 1940 1941 1942 1943 1944 1945 1946 1947 1948 1949 1950 1954 1955 1956 1957 1958 1959 1960 1961 1962 1963 1964 1965 1968 1970 1971 1972 1973 1974 1975 1976 1977 1978 1979 1981 1986 1988 1989 1990 1992 1993 1994 1995 1996 1997 1998 2002 2003 2004 2005 2006 2007 2008 2009 2011 2012 2013 2014 2018 2020 2021 2022 2027 2028 2029 2498 2502 2503 2504 2505 2507 2508 2509 2510 2511 2514 2515 2516 2517 2518 2519 2521 2522 2523 2524 2525 2526 2527 2528 2530 2531 2532 2533 2534 2535 2536 2537 2538 2539 2540 2541 2542 2543 2544 2546 2547 2549 2550 2551 2552 2553 2554 2555 2755 2757 2759 2761 2763 2765 2767 2770 2771 2772 2775 2777 2778 2779 2780 2781 2782 2783 2787 2789 2791 2795 2797 2799 2802 2803 2804 2806 2807 2811 2812 2813 2882 2883 2885 2886 2890 2891 2892 2893 2894 2895 2896 2898 2899 2903 2905 2906 2907 2908 2909 2910 2911 2914 2918 2919 2920 2921 2922 2923 2924 2925 2928 2930 2931 2933 2934 2935 2936 2937 2938 2939 2940 2941 3010 3011 3013 3014 3015 3016 3017 3018 3019 3020 3021 3022 3023 3027 3029 3030 3031 3032 3033 3034 3035 3036 3037 3038 3039 3040 3042 3043 3045 3046 3047 3048 3049 3050 3051 3052 3053 3058 3059 3061 3062 3063 3207 3211 3213 3215 3222 3223 3226 3227 3228 3229 3230 3231 3235 3237 3239 3241 3243 3245 3247 3251 3252 3253 3255 3256 3257 3258 3259 3260 3261 3262 3263 3271 3275 3277 3279 3286 3287 3290 3291 3292 3293 3294 3295 3299 3301 3303 3305 3307 3309 3314 3315 3316 3317 3318 3319 3320 3321 3322 3323 3324 3325 3331 3333 3334 3335 3337 3338 3339 3340 3362 3366 3367 3368 3369 3370 3372 3373 3374 3375 3376 3378 3379 3380 3381 3382 3383 3384 3385 3387 3388 3389 3390 3391 3394 3395 3396 3397 3398 3399 3400 3402 3403 3404 3405 3406 3407 3410 3411 3412 3415 3417 3418 3419 3420 3421 3422 3423 3426 3427 3428 3429 3432 3433 3434 3435 3436 3437 3438 3439 3440 3442 3443 3444 3445 3447 3448 3449 3450 3451 3452 3453 3454 3459 3462 3463 3465 3466 3467 3468 3469 3470 3471 3474 3475 3477 3478 3479 3483 3484 3485 3486 3487 3490 3492 3493 3495 3496 3497 3498 3499 3500 3501 3502 3503 3507 3508 3509 3510 3511 3512 3513 3514 3515 3516 3517 3518 3519 3522 3523 3524 3525 3527 3528 3529 3530 3531 3532 3533 3534 3535 3538 3539 3540 3541 3542 3543 3544 3545 3546 3547 3548 3554 3555 3556 3557 3558 3559 3560 3561 3562 3563 3564 3571 3572 3573 3574 3575 3576 3577 3578 3579 3589 3593 3595 3619 3621 3623 3625 3627 3629 3632 3634 3635 3636 3637 3638 3639 3640 3641 3642 3644 3645 3646 3651 3653 3655 3657 3659 3661 3663 3683 3685 3687 3689 3691 3693 3695 3698 3699 3700 3701 3702 3704 3705 3706 3707 3708 3709 3715 3717 3719 3723 3725 3727 3730 3731 3732 3734 3735 3736 3737 3738 3739 3740 3741 3742 3743 3747 3749 3751 3753 3755 3757 3759 3760 3762 3764 3765 3766 3768 3769 3770 3771 3772 3773 3774 3775 3779 3781 3783 3785 3787 3789 3794 3795 3796 3797 3799 3800 3801 3802 3803 3804 3811 3813 3817 3819 3828 3829 3830 3831 3832 3833 3834 3835 3846 3849 3851 3875 3876 3877 3878 3879 3880 3881 3882 3883 3884 3890 3891 3892 3893 3894 3895 3896 3897 3898 3899 3901 3906 3907 3908 3909 3910 3911 3912 3913 3914 3916 3917 3918 3919 3922 3923 3924 3926 3927 3928 3929 3931 3932 3933 3934 3936 3938 3939 3940 3941 3942 3943 3944 3946 3947 3948 3949 3952 3954 3955 3956 3957 3958 3959 3961 3962 3963 3964 3965 3973 3974 3977 3978 3979 3980 3981 3982 3986 3987 3988 3989 3991 3992 3993 3994 3995 3996 3997 3998 4002 4003 4004 4006 4007 4008 4009 4011 4012 4013 4018 4019 4021 4022 4023 4024 4025 4026 4027 4028 4029 4034 4036 4037 4038 4041 4042 4043 4044 4045 4051 4052 4054 4055 4056 4057 4058 4059 4060

G2（2451 个）
8901 8903 8905 8907 8909 8911 8914 8915 8916 8918 8919 8920 8921 8922 8923 8924 8925 8926 8927 8931 8933 8935 8937 8939 8941 8946 8947 8948 8949 8950 8951 8952 8953 8954 8955 8956 8957 9032 9034 9035 9036 9037 9038 9039 9048 9049 9050 9051 9052 9053 9054 9055 9064 9066 9067 9068 9080 9081 9082 9083 9084 9085 9154 9155 9157 9158 9159 9160 9161 9162 9163 9164 9165 9166 9167 9168 9170 9171 9172 9174 9175 9176 9177 9178 9179 9181 9182 9183 9184 9186 9187 9188 9189 9190 9191 9192 9193 9194 9195 9196 9197 9200 9202 9203 9204 9206 9207 9351 9359 9366 9373 9374 9375 9383 9391 9396 9398 9404 9405 9406 9407 9415 9421 9423 9430 9431 9437 9438 9439 9445 9447 9453 9455 9460 9462 9463 9468 9484 9485 9486 9487 9516 9518 9519 9532 9534 9548 9550 9564 9566 9567 9580 9582 9583 9596 9597 9598 9606 9607 9609 9610 9612 9613 9614 9615 9618 9619 9620 9622 9623 9624 9625 9626 9627 9628 9629 9630 9631 9634 9635 9638 9639 9640 9644 9646 9647 9648 9650 9651 9652 9654 9657 9658 9659 9661 9662 9663 9666 9667 9668 9669 9670 9671 9672 9673 9674 9675 9676 9677 9678 9679 9682 9683 9684 9686 9687 9688 9689 9690 9691 9692 9693 9694 9695 9696 9698 9699 9700 9701 9702 9703 9704 9705 9706 9707 9708 9709 9710 9711 9712 9714 9715 9716 9717 9718 9719 9721 9722 9723 9859 9861 9863 9865 9867 9869 9871 9874 9875 9876 9878 9879 9880 9881 9882 9883 9884 9885 9886 9887 9891 9895 9903 9904 9906 9907 9908 9910 9911 9912 9913 9914 9915 9916 9917 9918 9919 9923 9925 9927 9929 9931 9933 9935 9938 9939 9940 9942 9943 9944 9945 9946 9947 9949 9950 9951 9955 9957 9959 9961 9963 9965 9967 9968 9970 9971 9972 9973 9974 9975 9976 9977 9978 9980 9981 9994 9995 9996 10024 10025 10026 10027 10028 10029 10040 10041 10042 10043 10044 10045 10056 10057 10058 10059 10060 10061 10062 10063 10072 10073 10074 10075 10076 10077 10078 10079 10089 10090 10091 10092 10093 10104 10105 10106 10107 10108 10109 10115 10117 10118 10119 10121 10122 10123 10124 10125 10126 10127 10130 10131 10132 10134 10135 10136 10137 10138 10139 10140 10141 10142 10143 10146 10147 10148 10150 10151 10152 10155 10156 10157 10160 10162 10163 10164 10165 10166 10167 10168 10169 10170 10171 10172 10173 10178 10179 10180 10181 10182 10183 10184 10185 10186 10187 10188 10189 10190 10191 10192 10194 10195 10196 10198 10199 10203 10204 10205 10206 10208 10210 10211 10214 10215 10216 10219 10220 10221 10439 10443 10445 10447 10454 10455 10458 10459 10460 10461 10462 10463 10467 10469 10471 10473 10475 10477 10479 10482 10483 10484 10486 10487 10488 10489 10490 10491 10492 10563 10566 10572 10574 10584 10588 10590 10591 10592 10595 10596 10598 10599 10600 10604 10606 10607 10611 10614 10615 10616 10617 10618 10619 10620 10621 10622 10690 10691 10692 10693 10694 10695 10696 10697 10698 10699 10700 10701 10702 10703 10706 10707 10708 10710 10711 10712 10713 10714 10715 10716 10717 10718 10719 10720 10722 10723 10724 10726 10727 10728 10731 10732 10733 10734 10735 10736 10738 10739 10740 10742 10743 10744 10747 10819 10823 10851 10855 10863 10864 10866 10868 10870 10871 10872 10875 10876 10947 10951 10959 10972 10974 10975 10979 10983 10991 10992 10994 10995 10996 10998 10999 11003 11004 11005 11074 11075 11078 11079 11084 11086 11087 11102 11103 11106 11107 11110 11112 11116 11120 11122 11123 11127 11128 11129 11130 11131 11132 11133 11203 11205 11206 11207 11208 11209 11210 11211 11212 11213 11214 11215 11218 11219 11222 11223 11224 11225 11226 11227 11228 11229 11230 11232 11234 11238 11239 11240 11241 11243 11244 11245 11248 11250 11251 11253 11254 11271 11277 11279 11301 11303 11309 11311 11317 11318 11319 11324 11325 11326 11327 11335 11341 11343 11350 11351 11356 11357 11358 11359 11365 11367 11373 11375 11380 11381 11382 11388 11389 11390 11399 11403 11405 11407 11414 11415 11418 11419 11420 11421 11422 11423 11427 11431 11439 11444 11446 11447 11451 11452 11453 11454 11455 11463 11467 11469 11471 11478 11479 11482 11483 11484 11485 11486 11487 11491 11493 11495 11497 11499 11501 11503 11506 11507 11508 11509 11510 11511 11512 11513 11514 11515 11516 11517 11523 11525 11526 11527 11529 11530 11531 11532 11533 11534 11554 11555 11556 11558 11559 11560 11564 11566 11567 11568 11570 11571 11572 11574 11575 11576 11577 11578 11579 11581 11582 11583 11586 11587 11588 11590 11591 11592 11596 11598 11599 11612 11614 11615 11618 11619 11620 11622 11623 11624 11628 11630 11631 11632 11634 11635 11636 11638 11639 11641 11642 11643 11644 11645 11646 11651 11653 11654 11657 11658 11659 11660 11661 11662 11666 11667 11668 11671 11672 11673 11674 11675 11676 11677 11678 11679 11682 11683 11684 11687 11688 11692 11694 11695 11696 11698 11699 11702 11705 11706 11707 11708 11709 11710 11716 11717 11718 11719 11721 11722 11723 11724 11725 11726 11727 11732 11734 11735 11736 11737 11738 11739 11740 11741 11742 11744 11747 11748 11749 11750 11751 11752 11753 11754 11755 11756 11757 11758 11762 11763 11764 11765 11766 11767 11768 11769 11770 11771 11779 11781 11783 11785 11787 11789 11811 11813 11815 11817 11819 11821 11823 11824 11826 11827 11828 11829 11830 11831 11832 11833 11834 11835 11836 11838 11839 11843 11845 11847 11849 11851 11853 11855 11875 11877 11879 11883 11885 11887 11888 11890 11891 11893 11894 11895 11896 11898 11899 11900 11901 11902 11907 11909 11911 11913 11915 11917 11919 11922 11923 11924 11926 11928 11929 11930 11931 11932 11933 11934 11935 11939 11943 11951 11952 11954 11955 11956 11958 11960 11961 11963 11964 11965 11966 11971 11973 11975 11977 11979 11981 11983 11988 11990 11991 11993 11994 11995 11996 11997 11998 12005 12007 12009 12011 12013 12015 12019 12020 12021 12022 12023 12024 12025 12026 12027 12028 12029 12035 12037 12038 12039 12041 12042 12043 12044 12045 12066 12067 12068 12069 12070 12071 12072 12073 12074 12075 12076 12077 12080 12082 12083 12084 12085 12086 12087 12088 12089 12090 12091 12092 12093 12098 12102 12103 12104 12105 12106 12107 12108 12110 12111 12112 12114 12115 12116 12118 12119 12120 12121 12122 12123 12125 12126 12127 12128 12130 12131 12132 12133 12134 12135 12136 12137 12138 12140 12141 12144 12146 12147 12148 12149 12150 12151 12152 12153 12155 12156 12157 12163 12165 12166 12167 12170 12171 12172 12173 12174 12175 12178 12179 12181 12182 12183 12185 12186 12187 12188 12189 12190 12191 12194 12195 12196 12197 12198 12200 12201 12203 12204 12205 12208 12210 12211 12212 12213 12215 12216 12217 12218 12219 12220 12221 12226 12227 12228 12230 12231 12233 12234 12235 12236 12237 12238 12239 12242 12243 12246 12247 12248 12249 12250 12251 12252 12253 12254 12486 12487 12490 12491 12492 12493 12494 12495 12502 12503 12506 12507 12508 12509 12510 12514 12515 12516 12517 12518 12519 12520 12521 12522 12523 12524 12525 12530 12534 12535 12537 12538 12539 12994 12998 12999 13000 13001 13002 13003 13004 13005 13006 13007 13010 13011 13012 13014 13015 13016 13017 13018 13019 13021 13022 13023 13024 13026 13027 13028 13029 13030 13031 13032 13033 13034 13035 13036 13037 13038 13039 13040 13042 13043 13044 13045 13046 13047 13048 13049 13050 13051 13052 13053 13130 13132 13134 13135 13144 13145 13146 13147 13148 13149 13150 13151 13160 13161 13162 13163 13164 13165 13176 13177 13178 13179 13180 13181 13250 13251 13252 13253 13254 13255 13256 13257 13258 13259 13261 13262 13263 13264 13266 13270 13271 13274 13276 13278 13280 13282 13283 13284 13285 13286 13287 13288 13289 13290 13291 13292 13293 13296 13298 13302 13303 13446 13447 13450 13452 13454 13462 13463 13466 13468 13470 13471 13474 13475 13476 13478 13479 13480 13484 13486 13487 13490 13494 13495 13498 13500 13502 13503 13510 13511 13514 13515 13516 13517 13518 13519 13526 13527 13530 13532 13534 13535 13538 13539 13540 13541 13542 13543 13544 13545 13546 13547 13548 13549 13550 13551 13554 13555 13556 13558 13559 13560 13561 13562 13563 13564 13577 13578 13579 13580 13581 13582 13583 13624 13625 13626 13627 13628 13630 13640 13644 13646 13660 13662 13663 13672 13676 13678 13679 13691 13692 13693 13694 13699 13701 13702 13703 13705 13706 13707 13708 13709 13710 13711 13714 13715 13716 13718 13719 13720 13721 13722 13723 13724 13725 13726 13727 13730 13731 13732 13735 13736 13742 13743 13744 13746 13747 13748 13750 13752 13753 13754 13755 13756 13757 13758 13762 13763 13764 13765 13766 13767 13769 13770 13771 13772 13773 13774 13775 13778 13779 13780 13782 13783 13784 13786 13787 13788 13789 13790 13792 13794 13795 13796 13797 13798 13799 13800 13801 13803 13804 13805 13806 13807 13808 13810 13811 13812 13813 13814 13815 13816 13817 13818 13955 13957 13958 13959 13961 13962 13963 13964 13965 13966 13967 13970 13971 13972 13974 13975 13976 13977 13978 13979 13981 13982 13983 13986 13987 13988 13990 13991 13992 13996 13998 13999 14000 14002 14003 14004 14006 14007 14008 14009 14010 14011 14012 14013 14014 14018 14019 14020 14021 14022 14023 14024 14026 14027 14028 14029 14030 14031 14034 14035 14036 14038 14039 14042 14045 14046 14047 14050 14051 14052 14053 14054 14055 14056 14057 14058 14059 14060 14061 14063 14064 14066 14067 14068 14069 14070 14071 14072 14073 14074 14075 14076 14077 14089 14091 14093 14095 14121 14122 14123 14137 14138 14139 14141 14152 14153 14154 14155 14156 14157 14158 14159 14168 14169 14170 14171 14172 14173 14174 14175 14184 14186 14187 14188 14189 14200 14201 14202 14203 14204 14205 14214 14215 14217 14218 14219 14221 14223 14226 14227 14228 14229 14230 14231 14232 14233 14234 14235 14236 14237 14238 14239 14242 14243 14244 14245 14246 14247 14248 14249 14250 14251 14252 14253 14256 14258 14262 14263 14265 14266 14267 14269 14274 14275 14276 14277 14278 14279 14281 14282 14283 14284 14285 14286 14287 14288 14290 14291 14292 14294 14295 14296 14297 14298 14299 14300 14301 14302 14304 14306 14307 14308 14309 14310 14311 14312 14313 14314 14315 14317 14406 14410 14412 14414 14415 14423 14426 14427 14428 14429 14430 14431 14434 14435 14436 14438 14439 14440 14441 14442 14443 14444 14445 14446 14447 14450 14453 14454 14455 14456 14458 14459 14460 14461 14462 14534 14535 14538 14539 14540 14541 14542 14543 14550 14551 14554 14556 14558 14559 14562 14563 14564 14565 14566 14567 14568 14569 14570 14571 14572 14573 14574 14575 14578 14582 14583 14585 14586 14587 14589 14658 14661 14662 14663 14666 14668 14670 14671 14674 14675 14676 14678 14680 14681 14682 14683 14684 14685 14686 14687 14688 14691 14692 14693 14695 14696 14697 14698 14699 14701 14702 14703 14704 14706 14707 14708 14710 14711 14712 14713 14714 14715 14716 14717 14718 14786 14787 14788 14789 14790 14791 14792 14793 14794 14795 14796 14797 14798 14799 14802 14806 14807 14810 14812 14814 14815 14816 14818 14819 14820 14821 14822 14823 14824 14825 14826 14827 14828 14829 14830 14831 14832 14834 14835 14836 14838 14839 14840 14841 14842 14843 14914 14915 14916 14917 14918 14919 14920 14922 14923 14924 14925 14926 14927 14944 14946 14947 14948 14949 14950 14952 14953 14954 14955 14956 14957 14958 14959 14960 14962 14964 14967 14968 14969 14970 14971 14972 14974 15042 15043 15044 15045 15046 15047 15048 15049 15050 15051 15052 15053 15054 15055 15058 15059 15060 15062 15063 15064 15065 15066 15067 15068 15069 15070 15071 15072 15074 15075 15076 15077 15078 15079 15080 15081 15083 15084 15085 15086 15087 15088 15090 15091 15092 15093 15094 15095 15096 15097 15098 15099 15100 15101 15170 15173 15174 15175 15180 15182 15183 15184 15186 15187 15190 15191 15192 15194 15195 15196 15197 15198 15199 15200 15202 15203 15205 15206 15207 15209 15210 15211 15212 15213 15216 15218 15219 15221 15222 15224 15225 15226 15227 15228 15229 15304 15305 15306 15307 15312 15314 15322 15330 15331 15336 15337 15338 15339 15344 15346 15366 15370 15371 15372 15373 15374 15394 15395 15396 15398 15399 15400 15401 15402 15403 15404 15406 15407 15410 15411 15412 15413 15414 15415 15416 15417 15418 15419 15421 15422 15430 15431 15434 15436 15437 15438 15439 15446 15447 15451 15452 15453 15454 15455 15458 15459 15460 15461 15462 15463 15464 15466 15467 15468 15469 15470 15471 15474 15475 15476 15477 15478 15479 15481 15482 15483 15484 15485 15486 15494 15498 15499 15500 15501 15502 15503 15511 15514 15515 15516 15517 15518 15519 15522 15523 15524 15526 15527 15528 15531 15532 15533 15534 15535 15538 15541 15542 15543 15544 15546 15547 15548 15549 15550 15551 15558 15559 15562 15563 15564 15565 15566 15567 15574 15575 15578 15579 15580 15581 15582 15583 15586 15587 15588 15589 15590 15591 15592 15593 15594 15595 15596 15597 15598 15599 15602 15603 15604 15606 15607 15608 15609 15610 15611 15612 15622 15623 15627 15629 15631 15650 15655 15659 15661 15663 15664 15666 15670 15671 15674 15682 15686 15687 15694 15710 15711 15712 15714 15715 15716 15717 15718 15719 15720 15721 15723 15724 15725 15726 15727 15728 15730 15731 15732 15733 15734 15735 15736 15738 15739 15740 15741 15742 15750 15751 15754 15759 15762 15765 15766 15770 15772 15774 15775 15778 15779 15780 15781 15783 15784 15785 15786 15787 15788 15789 15790 15791 15792 15794 15798 15799 15802 15810 15813 15814 15815 15816 15818 15819 15820 15821 15822 15823 15830 15831 15834 15836 15838 15844 15845 15846 15847 15848 15849 15850 15851 15852 15853 15854 15856 15858 15862 15865 15866 15878 15881 15882 15883 15884 15885 15886 15906 15907 15908 15909 15910 15912 15913 15914 15915 15916 15917 15918 15920 15922 15923 15924 15925 15926 15927 15928 15929 15930 15931 15932 15933 15938 15939 15940 15941 15942 15943 15944 15945 15946 15947 15948 15950 15951 15968 15970 15971 15972 15973 15974 15975 15976 15977 15978 15980 15981 15982 15983 15984 15986 15987 15988 15990 15991 15992 15993 15995 15998 16003 16005 16006 16007 16010 16011 16012 16013 16014 16015 16018 16019 16020 16022 16023 16025 16026 16027 16028 16030 16034 16035 16036 16038 16040 16043 16044 16045 16046 16047 16048 16050 16051 16052 16053 16056 16057 16058 16059 16060 16061 16062 16066 16067 16068 16070 16071 16072 16073 16074 16075 16076 16077 16078 16079 16082 16086 16087 16088 16090 16091 16092 16093 16094 16096 16101 16102 16103 16104 16105 16106 16107 16108 16109 16110 16116 16118 16121 16122 16124 16133 16134 16137 16138 16139 16140 16141 16142 16166 16167 16171 16172 16173 16176 16178 16179 16180 16182 16183 16184 16185 16186 16187 16188 16194 16195 16196 16198 16199 16203 16204 16208 16214 16215 16216 16217 16218 16219 16220 16222 16224 16226 16227 16228 16229 16230 16231 16232 16233 16234 16235 16237 16240 16242 16243 16244 16246 16248 16249 16250 16252

G3（1835 个）
17027 17031 17037 17039 17059 17063 17071 17072 17074 17075 17076 17078 17079 17082 17083 17084 17085 17086 17087 17123 17125 17127 17129 17131 17133 17135 17138 17139 17140 17141 17142 17143 17144 17145 17146 17147 17148 17149 17163 17165 17167 17192 17193 17195 17210 17212 17256 17257 17258 17259 17260 17261 17272 17273 17274 17275 17276 17277 17285 17286 17287 17290 17292 17294 17295 17298 17301 17302 17303 17306 17308 17310 17311 17314 17315 17316 17317 17318 17319 17320 17321 17322 17323 17324 17325 17328 17330 17333 17334 17335 17338 17340 17347 17348 17349 17350 17351 17352 17353 17354 17355 17356 17357 17358 17359 17376 17378 17379 17380 17381 17382 17383 17384 17385 17386 17387 17388 17389 17392 17394 17395 17396 17398 17399 17543 17551 17558 17559 17564 17566 17567 17575 17583 17590 17591 17596 17598 17599 17607 17613 17615 17637 17639 17645 17647 17652 17654 17655 17660 17676 17677 17678 17679 17708 17711 17724 17726 17772 17774 17775 17788 17790 17795 17797 17798 17799 17802 17804 17805 17806 17807 17810 17811 17812 17814 17815 17817 17818 17821 17822 17823 17827 17828 17830 17831 17832 17838 17839 17840 17842 17843 17844 17846 17847 17850 17851 17852 17853 17854 17855 17858 17859 17860 17862 17863 17864 17865 17866 17867 17868 17869 17870 17871 17888 17890 17891 17892 17893 17894 17895 17896 17897 17898 17900 17901 17902 17903 17904 17906 17907 17908 17910 17911 17912 17913 17914 17915 18051 18053 18055 18061 18063 18083 18087 18095 18096 18098 18099 18100 18102 18106 18107 18108 18109 18110 18111 18147 18149 18151 18153 18155 18157 18159 18160 18162 18163 18164 18165 18166 18167 18168 18169 18170 18172 18173 18185 18186 18188 18189 18190 18191 18216 18218 18219 18220 18221 18233 18234 18235 18236 18237 18280 18281 18283 18284 18285 18296 18297 18298 18299 18300 18301 18309 18310 18311 18314 18316 18317 18318 18319 18323 18324 18326 18327 18329 18330 18332 18333 18334 18335 18338 18339 18340 18342 18343 18344 18347 18348 18354 18355 18356 18357 18358 18359 18362 18363 18364 18365 18370 18371 18372 18373 18374 18375 18376 18377 18378 18379 18380 18381 18382 18383 18400 18403 18404 18406 18407 18408 18411 18412 18413 18567 18575 18595 18599 18607 18631 18637 18639 18659 18661 18663 18669 18671 18674 18675 18676 18678 18679 18680 18682 18684 18691 18694 18695 18700 18702 18703 18732 18735 18742 18748 18750 18784 18787 18788 18790 18796 18802 18803 18804 18807 18809 18810 18812 18813 18814 18838 18839 18842 18844 18846 18847 18850 18854 18855 18860 18862 18863 18882 18883 18884 18885 18886 18887 18890 18892 18893 18894 18895 18912 18914 18915 18916 18918 18919 18924 18925 18926 18927 18928 18930 18931 18932 18934 18935 18947 18951 18955 18957 18959 18983 18991 18992 18994 18996 19000 19001 19002 19004 19006 19075 19079 19120 19132 19134 19135 19171 19175 19183 19184 19186 19187 19188 19190 19191 19192 19193 19194 19195 19196 19197 19203 19205 19206 19207 19211 19212 19213 19214 19234 19235 19238 19239 19244 19248 19250 19254 19255 19296 19298 19299 19302 19303 19308 19314 19315 19318 19319 19323 19324 19325 19362 19363 19366 19367 19372 19376 19378 19382 19383 19386 19388 19394 19397 19398 19399 19402 19403 19404 19405 19406 19407 19424 19426 19427 19429 19430 19431 19434 19435 19436 19437 19442 19443 19446 19447 19463 19469 19471 19493 19495 19501 19503 19508 19510 19511 19516 19518 19519 19557 19559 19565 19567 19572 19573 19574 19575 19580 19581 19582 19591 19597 19606 19610 19612 19613 19614 19615 19619 19623 19644 19645 19646 19647 19659 19661 19663 19683 19685 19687 19689 19691 19693 19695 19698 19700 19702 19703 19704 19705 19706 19707 19708 19715 19717 19718 19719 19721 19722 19723 19724 19725 19726 19727 19746 19747 19748 19750 19751 19752 19756 19758 19760 19762 19767 19770 19772 19808 19810 19811 19812 19814 19815 19816 19820 19822 19823 19824 19826 19827 19828 19830 19831 19832 19833 19835 19836 19837 19838 19845 19846 19847 19850 19852 19854 19855 19858 19862 19863 19866 19868 19870 19871 19874 19875 19876 19884 19886 19887 19900 19902 19906 19907 19910 19911 19912 19913 19915 19916 19917 19918 19919 19936 19938 19941 19942 19943 19944 19945 19946 19947 19948 19949 19950 19951 19952 19955 19956 19958 19959 19960 19961 19962 19963 19971 19973 19975 19977 19981 19983 20003 20005 20007 20009 20011 20013 20015 20016 20018 20019 20020 20021 20022 20024 20025 20026 20027 20028 20029 20030 20099 20101 20103 20109 20111 20131 20143 20144 20146 20147 20148 20150 20154 20155 20156 20157 20158 20199 20201 20203 20205 20207 20208 20210 20214 20215 20216 20217 20218 20219 20220 20227 20229 20230 20231 20233 20234 20235 20236 20237 20238 20239 20258 20259 20260 20262 20263 20264 20267 20268 20269 20272 20274 20275 20276 20278 20279 20281 20282 20283 20284 20320 20322 20323 20324 20325 20326 20327 20328 20329 20330 20331 20332 20336 20338 20339 20340 20342 20343 20344 20345 20346 20347 20355 20357 20358 20359 20362 20364 20365 20366 20367 20370 20371 20372 20374 20375 20377 20380 20382 20386 20387 20388 20390 20392 20395 20396 20397 20402 20403 20404 20406 20407 20410 20411 20412 20418 20419 20420 20422 20427 20428 20430 20614 20615 20620 20621 20622 20623 20630 20631 20634 20636 20637 20638 20639 20643 20646 20647 20652 20654 20658 20659 20660 20662 20663 20664 20665 20666 20668 20669 20670 20671 20678 20679 20682 20684 20685 20686 20687 20706 20707 20708 20709 20710 20711 20712 20713 20714 20716 20717 20718 20719 20722 20723 20724 20726 20727 20728 20729 20732 21123 21126 21127 21132 21134 21176 21180 21182 21183 21216 21218 21219 21220 21222 21223 21224 21228 21230 21231 21232 21234 21235 21236 21238 21239 21241 21242 21243 21244 21257 21258 21259 21260 21288 21304 21305 21306 21307 21352 21356 21368 21369 21370 21371 21372 21379 21381 21382 21383 21385 21386 21387 21388 21389 21390 21391 21394 21395 21396 21398 21399 21400 21401 21402 21403 21404 21406 21410 21411 21412 21414 21416 21424 21426 21427 21428 21430 21431 21432 21433 21434 21435 21436 21442 21443 21444 21446 21447 21448 21451 21452 21454 21472 21474 21475 21476 21478 21480 21483 21484 21488 21494 21638 21639 21644 21646 21660 21692 21694 21702 21703 21708 21710 21730 21731 21732 21734 21736 21740 21742 21750 21752 21772 21774 21816 21895 21902 21916 21918 21919 21948 21954 21955 21958 21964 21966 21967 21986 21987 21988 21990 21991 21992 21996 22002 22003 22008 22009 22150 22151 22156 22158 22159 22204 22242 22243 22244 22246 22247 22248 22252 22256 22258 22259 22260 22264 22265 22268 22281 22282 22283 22285 22286 22287 22312 22316 22328 22330 22331 22332 22333 22376 22380 22392 22393 22396 22403 22406 22407 22409 22410 22411 22412 22413 22414 22415 22418 22420 22422 22423 22424 22425 22426 22428 22429 22430 22431 22435 22436 22439 22444 22450 22451 22452 22456 22457 22460 22466 22467 22468 22470 22471 22473 22474 22475 22476 22477 22478 22479 22498 22502 22503 22504 22505 22508 22535 22538 22542 22543 22562 22563 22564 22565 22566 22567 22568 22569 22570 22573 22574 22575 22578 22579 22580 22581 22582 22583 22584 22585 22587 22588 22589 22590 22626 22627 22628 22629 22630 22632 22633 22634 22635 22636 22637 22638 22639 22642 22643 22644 22647 22648 22649 22650 22652 22653 22654 22663 22666 22667 22668 22669 22670 22671 22678 22679 22682 22684 22685 22686 22687 22690 22692 22694 22695 22696 22702 22703 22707 22710 22711 22712 22714 22715 22716 22717 22719 22726 22727 22730 22731 22732 22733 22734 22735 22754 22755 22756 22757 22758 22759 22760 22761 22762 22763 22764 22765 22766 22767 22770 22771 22772 22773 22774 22775 22776 22777 22778 22779 22780 22781 22787 22789 22790 22791 22793 22794 22795 22796 22797 22799 22818 22819 22820 22822 22823 22824 22830 22831 22832 22834 22836 22838 22839 22840 22841 22842 22844 22845 22846 22847 22883 22884 22886 22887 22892 22894 22895 22896 22898 22899 22900 22902 22904 22905 22906 22907 22908 22909 22910 22915 22919 22921 22922 22924 22925 22926 22927 22930 22931 22935 22936 22937 22939 22940 22941 22942 22943 22946 22947 22950 22951 22952 22956 22958 22959 22960 22962 22966 22967 22969 22970 22971 22972 22973 22974 22975 22979 22980 22981 22982 22983 22984 22985 22986 22987 22988 22989 22990 22991 23010 23011 23012 23013 23014 23015 23016 23017 23018 23019 23020 23021 23022 23023 23024 23026 23027 23028 23029 23030 23031 23032 23033 23034 23035 23043 23046 23047 23049 23051 23052 23053 23054 23074 23075 23076 23078 23079 23080 23084 23086 23087 23088 23090 23091 23092 23094 23095 23096 23097 23098 23099 23101 23102 23174 23180 23182 23183 23228 23266 23267 23268 23270 23271 23272 23276 23282 23283 23284 23288 23289 23292 23299 23301 23302 23303 23305 23306 23307 23308 23309 23310 23311 23330 23331 23334 23335 23336 23340 23344 23346 23347 23350 23351 23352 23353 23354 23355 23356 23394 23395 23398 23399 23404 23416 23420 23442 23449 23450 23451 23458 23459 23464 23472 23474 23475 23480 23481 23490 23491 23496 23497 23498 23499 23523 23528 23529 23536 23538 23539 23558 23559 23562 23563 23564 23565 23566 23567 23586 23587 23588 23589 23590 23591 23592 23593 23594 23595 23596 23597 23598 23602 23603 23604 23605 23606 23607 23608 23609 23611 23612 23613 23615 23650 23651 23652 23653 23654 23655 23656 23657 23658 23660 23661 23662 23663 23666 23667 23670 23671 23672 23673 23675 23676 23677 23678 23686 23687 23690 23691 23692 23693 23694 23695 23702 23703 23706 23707 23708 23709 23710 23711 23714 23718 23720 23724 23726 23727 23730 23731 23732 23735 23736 23737 23738 23740 23741 23742 23743 23751 23754 23755 23756 23757 23758 23759 23778 23780 23781 23782 23783 23784 23785 23786 23787 23788 23789 23790 23791 23795 23796 23797 23798 23799 23800 23801 23802 23803 23804 23805 23811 23814 23815 23817 23818 23819 23820 23821 23822 23823 23842 23843 23844 23846 23847 23848 23852 23854 23855 23856 23858 23859 23860 23862 23863 23864 23865 23866 23867 23868 23869 23870 23906 23907 23908 23910 23911 23912 23920 23922 23923 23928 23929 23932 23939 23941 23942 23943 23945 23947 23948 23949 23950 23951 23954 23955 23956 23958 23959 23960 23962 23963 23964 23965 23966 23967 23970 23971 23972 23975 23980 23984 23986 23987 23988 23992 23993 23996 24002 24003 24004 24007 24008 24009 24012 24013 24014 24015 24032 24034 24035 24038 24039 24040 24041 24044 24048 24050 24052 24056 24057 24067 24069 24070 24071 24073 24074 24075 24076 24077 24078 24079 24098 24099 24100 24101 24102 24103 24104 24105 24106 24107 24108 24109 24110 24111 24112 24114 24115 24116 24117 24118 24119 24121 24122 24123 24124 24125 24126 24127 24195 24197 24198 24199 24201 24202 24204 24205 24206 24207 24226 24227 24228 24230 24231 24232 24236 24242 24243 24244 24249 24252 24288 24290 24291 24295 24296 24297 24300 24304 24306 24307 24312 24313 24316 24323 24326 24327 24329 24331 24332 24333 24334 24354 24355 24356 24357 24358 24359 24361 24362 24363 24364 24365 24368 24370 24371 24372 24373 24374 24375 24376 24377 24378 24379 24380 24381 24416 24418 24419 24420 24421 24422 24423 24424 24425 24428 24432 24434 24435 24436 24440 24441 24444

G4（2501 个）
25219 25221 25223 25225 25227 25229 25231 25234 25235 25236 25238 25239 25240 25241 25242 25243 25244 25245 25246 25247 25251 25255 25263 25266 25267 25268 25270 25271 25272 25273 25274 25275 25276 25277 25278 25285 25287 25289 25291 25293 25295 25315 25317 25319 25321 25323 25325 25327 25328 25330 25331 25332 25333 25334 25335 25336 25337 25338 25339 25340 25341 25354 25355 25384 25385 25400 25401 25402 25416 25417 25418 25419 25448 25449 25450 25451 25452 25453 25464 25465 25466 25467 25468 25469 25475 25477 25478 25479 25481 25482 25483 25484 25485 25486 25487 25506 25507 25508 25509 25510 25511 25512 25513 25514 25515 25516 25517 25520 25522 25523 25524 25525 25526 25527 25528 25529 25530 25531 25532 25533 25538 25539 25540 25541 25543 25544 25545 25546 25547 25548 25549 25550 25551 25552 25554 25555 25556 25557 25558 25559 25561 25562 25563 25564 25565 25566 25567 25568 25570 25571 25572 25573 25574 25575 25576 25577 25578 25579 25580 25581 25584 25586 25587 25588 25589 25590 25591 25735 25741 25743 25750 25751 25756 25757 25758 25759 25767 25775 25780 25782 25783 25788 25789 25790 25791 25799 25805 25807 25814 25815 25820 25821 25822 25823 25829 25831 25837 25839 25844 25845 25846 25847 25852 25853 25869 25871 25916 25935 25964 25966 25967 25980 25981 25982 25989 25990 25991 25993 25994 25995 25996 25997 25998 26003 26004 26006 26007 26008 26009 26010 26011 26012 26013 26014 26015 26018 26019 26020 26023 26024 26028 26030 26031 26034 26035 26036 26038 26039 26041 26042 26043 26044 26045 26046 26047 26050 26051 26052 26053 26054 26055 26056 26057 26058 26059 26060 26061 26062 26063 26066 26067 26068 26070 26071 26072 26073 26074 26075 26076 26077 26078 26079 26080 26082 26083 26084 26085 26086 26087 26088 26089 26090 26091 26092 26093 26094 26095 26096 26098 26099 26100 26101 26102 26103 26104 26105 26106 26107 26247 26249 26251 26253 26255 26258 26260 26262 26263 26264 26265 26266 26267 26268 26269 26270 26271 26275 26279 26287 26288 26290 26291 26292 26294 26295 26296 26297 26298 26299 26300 26301 26302 26303 26307 26309 26311 26313 26315 26317 26319 26339 26341 26343 26345 26347 26349 26351 26352 26354 26355 26356 26357 26358 26359 26360 26361 26362 26363 26364 26365 26377 26378 26379 26382 26383 26408 26409 26412 26413 26424 26425 26427 26428 26429 26440 26442 26443 26444 26445 26446 26447 26472 26473 26474 26475 26477 26488 26489 26490 26491 26492 26493 26499 26503 26506 26507 26508 26509 26510 26511 26514 26515 26517 26518 26519 26521 26522 26523 26524 26525 26526 26527 26530 26532 26533 26534 26535 26536 26537 26538 26539 26540 26541 26544 26547 26548 26549 26550 26551 26552 26553 26554 26555 26556 26557 26562 26563 26564 26565 26566 26567 26571 26572 26573 26574 26575 26578 26579 26580 26582 26583 26584 26585 26586 26587 26588 26589 26590 26592 26594 26595 26596 26597 26599 26600 26601 26602 26603 26604 26605 26763 26765 26767 26775 26778 26780 26781 26782 26783 26787 26791 26799 26802 26806 26808 26810 26811 26812 26813 26814 26815 26823 26827 26829 26831 26838 26839 26842 26843 26844 26845 26846 26847 26851 26853 26855 26857 26859 26861 26863 26866 26867 26868 26869 26870 26871 26872 26873 26874 26876 26877 26883 26885 26886 26887 26889 26890 26891 26893 26894 26914 26915 26916 26918 26919 26920 26924 26926 26927 26928 26930 26931 26932 26934 26935 26936 26937 26938 26939 26941 26942 26943 26946 26947 26948 26950 26951 26956 26958 26959 26976 26979 26980 26982 26983 26984 26988 26990 26991 26992 26994 26995 27001 27002 27003 27004 27005 27006 27017 27018 27021 27022 27023 27026 27027 27032 27033 27034 27035 27036 27037 27038 27039 27042 27043 27044 27047 27048 27052 27054 27055 27056 27058 27059 27062 27063 27065 27066 27067 27068 27069 27070 27071 27074 27076 27077 27078 27079 27080 27081 27082 27083 27084 27085 27086 27091 27092 27094 27095 27096 27097 27098 27099 27100 27101 27102 27103 27104 27106 27107 27108 27109 27110 27111 27112 27113 27114 27115 27116 27117 27118 27119 27122 27123 27124 27126 27127 27128 27129 27130 27131 27139 27141 27143 27145 27147 27149 27151 27171 27175 27183 27184 27186 27187 27188 27190 27191 27192 27193 27194 27195 27196 27198 27199 27235 27239 27247 27248 27250 27254 27255 27256 27258 27259 27260 27262 27271 27279 27288 27294 27324 27331 27335 27343 27363 27367 27376 27378 27379 27380 27384 27385 27388 27395 27397 27398 27399 27401 27402 27403 27405 27406 27407 27426 27427 27430 27431 27432 27436 27440 27442 27443 27446 27447 27448 27449 27450 27451 27452 27453 27458 27459 27462 27463 27468 27470 27471 27490 27494 27495 27496 27500 27504 27512 27513 27516 27543 27545 27546 27547 27548 27549 27550 27551 27554 27560 27568 27570 27571 27576 27577 27580 27586 27587 27591 27592 27593 27594 27595 27596 27597 27598 27599 27602 27603 27608 27609 27612 27616 27618 27621 27622 27623 27624 27625 27628 27632 27635 27655 27661 27663 27685 27687 27693 27695 27700 27701 27703 27708 27709 27710 27719 27725 27727 27749 27751 27757 27759 27766 27767 27772 27773 27774 27783 27787 27789 27791 27798 27802 27803 27804 27805 27806 27807 27811 27815 27823 27826 27827 27828 27832 27833 27834 27835 27837 27838 27839 27851 27853 27855 27863 27866 27867 27868 27869 27870 27871 27875 27877 27879 27881 27883 27885 27887 27892 27893 27894 27895 27896 27897 27900 27901 27907 27909 27910 27911 27913 27914 27915 27917 27918 27919 27938 27939 27940 27942 27943 27944 27948 27950 27951 27952 27954 27955 27956 27958 27959 27960 27961 27962 27963 27964 27965 27966 27967 27970 27971 27972 27974 27975 27976 27980 27982 28002 28003 28004 28006 28007 28008 28012 28016 28018 28019 28024 28025 28038 28039 28042 28044 28045 28046 28047 28051 28054 28055 28056 28057 28059 28060 28061 28062 28063 28066 28067 28068 28071 28072 28076 28083 28084 28089 28098 28099 28100 28101 28104 28105 28106 28107 28109 28110 28111 28114 28115 28116 28120 28121 28130 28131 28132 28135 28136 28137 28140 28144 28146 28147 28152 28153 28163 28165 28167 28169 28171 28173 28175 28195 28197 28199 28201 28203 28205 28207 28208 28210 28211 28212 28213 28214 28215 28216 28217 28218 28219 28220 28221 28222 28261 28263 28265 28267 28269 28271 28272 28274 28275 28276 28277 28279 28280 28281 28282 28283 28284 28286 28291 28293 28295 28297 28299 28301 28303 28306 28307 28308 28310 28311 28312 28313 28314 28316 28317 28318 28319 28323 28327 28336 28338 28339 28340 28344 28348 28355 28357 28359 28361 28363 28365 28367 28387 28393 28400 28402 28403 28404 28408 28409 28412 28419 28421 28422 28423 28425 28426 28427 28429 28430 28431 28450 28451 28452 28453 28454 28455 28456 28457 28458 28459 28460 28461 28464 28466 28467 28469 28470 28471 28472 28473 28474 28475 28476 28477 28482 28483 28484 28485 28486 28487 28488 28489 28490 28491 28492 28493 28494 28495 28512 28514 28515 28516 28517 28518 28519 28520 28521 28524 28528 28530 28531 28532 28536 28537 28540 28547 28549 28550 28551 28553 28554 28555 28556 28558 28559 28563 28564 28565 28566 28567 28568 28569 28570 28571 28573 28574 28578 28579 28580 28581 28582 28583 28584 28585 28588 28592 28594 28595 28596 28600 28601 28604 28610 28611 28612 28613 28614 28615 28618 28619 28620 28621 28622 28623 28624 28626 28627 28628 28633 28636 28806 28807 28812 28813 28814 28815 28822 28823 28826 28827 28828 28829 28830 28831 28834 28835 28836 28837 28838 28839 28840 28841 28842 28843 28844 28845 28846 28847 28850 28851 28852 28853 28854 28855 28856 28857 28858 28859 28860 28861 28862 28863 28870 28871 28874 28875 28876 28877 28878 28886 28887 28890 28891 28892 28893 28894 28895 28902 28904 28905 28906 28907 28908 28909 28911 28914 28915 28916 28917 28918 28919 28920 28921 28922 28923 28924 28925 29315 29317 29318 29319 29321 29322 29323 29324 29326 29327 29330 29331 29332 29334 29335 29336 29337 29338 29339 29340 29342 29343 29346 29347 29348 29350 29351 29352 29356 29358 29359 29360 29362 29363 29364 29366 29367 29368 29369 29370 29371 29372 29374 29375 29378 29379 29380 29381 29382 29383 29384 29385 29386 29387 29388 29390 29391 29408 29410 29411 29412 29413 29414 29415 29416 29417 29418 29419 29420 29422 29423 29424 29426 29427 29428 29429 29430 29431 29432 29433 29434 29435 29436 29449 29497 29512 29513 29514 29544 29545 29546 29547 29548 29560 29561 29562 29563 29564 29565 29571 29573 29574 29575 29577 29578 29579 29580 29581 29582 29586 29587 29588 29589 29590 29591 29592 29593 29594 29595 29596 29597 29598 29602 29603 29604 29605 29606 29607 29608 29609 29610 29611 29612 29613 29616 29618 29619 29620 29621 29622 29623 29624 29625 29626 29627 29628 29629 29634 29635 29636 29637 29638 29639 29641 29642 29643 29644 29645 29647 29648 29650 29651 29652 29654 29655 29656 29657 29658 29659 29660 29661 29662 29664 29666 29667 29668 29669 29670 29671 29672 29673 29674 29675 29676 29677 29680 29682 29683 29684 29686 29830 29831 29834 29836 29837 29838 29839 29846 29847 29850 29852 29853 29854 29855 29858 29859 29860 29862 29863 29864 29868 29870 29871 29874 29875 29876 29882 29883 29884 29885 29886 29894 29895 29900 29901 29902 29903 29910 29911 29914 29915 29916 29917 29918 29919 29922 29923 29924 29925 29926 29927 29931 29932 29933 29934 29935 29938 29939 29940 29942 29943 29944 29945 29946 29947 29948 29961 29962 29963 29992 30008 30010 30011 30028 30056 30060 30072 30073 30076 30083 30085 30086 30087 30089 30090 30091 30092 30093 30094 30095 30098 30100 30102 30103 30104 30105 30106 30107 30108 30109 30110 30111 30115 30116 30118 30119 30120 30124 30128 30130 30131 30132 30136 30137 30140 30146 30147 30148 30150 30151 30152 30153 30154 30155 30156 30157 30158 30159 30162 30163 30168 30169 30172 30176 30178 30179 30180 30181 30182 30183 30184 30185 30188 30192 30194 30195 30196 30200 30201 30339 30342 30343 30345 30346 30347 30348 30349 30350 30351 30354 30355 30358 30359 30361 30362 30363 30364 30365 30366 30367 30370 30372 30374 30375 30376 30380 30384 30387 30388 30392 30393 30396 30402 30403 30404 30405 30406 30407 30408 30409 30410 30411 30412 30413 30414 30415 30434 30435 30436 30437 30438 30439 30440 30441 30444 30448 30450 30451 30452 30456 30457 30460 30473 30474 30475 30476 30477 30479 30504 30505 30506 30507 30520 30521 30522 30524 30525 30536 30537 30539 30540 30541 30542 30543 30569 30572 30585 30588 30595 30597 30601 30602 30603 30604 30605 30606 30607 30610 30614 30615 30616 30618 30619 30620 30621 30622 30623 30627 30629 30630 30631 30632 30633 30636 30640 30642 30644 30648 30649 30652 30659 30660 30661 30662 30663 30664 30665 30666 30667 30668 30669 30670 30671 30672 30674 30675 30676 30680 30681 30684 30690 30691 30692 30693 30694 30696 30697 30700 30726 30730 30731 30732 30733 30734 30754 30755 30756 30757 30758 30759 30760 30761 30762 30763 30764 30767 30770 30771 30772 30773 30774 30775 30776 30777 30778 30779 30781 30782 30790 30791 30794 30796 30797 30798 30799 30819 30821 30822 30823 30824 30826 30827 30828 30829 30830 30831 30834 30835 30837 30838 30841 30842 30843 30844 30846 30858 30859 30860 30861 30863 30876 30877 30878 30879 30882 30883 30884 30886 30887 30888 30889 30890 30891 30892 30893 30894 30895 30898 30899 30901 30902 30903 30904 30906 30907 30908 30909 30910 30911 30918 30919 30922 30923 30924 30925 30926 30927 30934 30935 30938 30939 30940 30941 30942 30943 30946 30947 30948 30949 30950 30951 30952 30953 30954 30955 30956 30957 30958 30959 30962 30963 30964 30965 30966 30967 30968 30969 30970 30971 30972 30973 30979 30981 30982 30983 30985 30986 30987 30988 30989 30990 30991 31011 31012 31013 31014 31015 31016 31017 31018 31019 31020 31021 31023 31024 31027 31028 31029 31030 31031 31032 31033 31034 31035 31036 31038 31039 31043 31044 31045 31046 31047 31049 31050 31053 31054 31055 31088 31094 31095 31096 31098 31099 31100 31101 31102 31113 31116 31118 31119 31129 31130 31131 31132 31133 31135 31139 31141 31144 31145 31146 31147 31148 31149 31150 31151 31152 31155 31158 31161 31164 31166 31171 31173 31174 31175 31177 31178 31179 31180 31181 31182 31183 31188 31190 31191 31192 31194 31195 31196 31197 31203 31206 31207 31208 31209 31213 31214 31216 31219 31220 31222 31223 31224 31225 31226 31235 31237 31238 31239 31241 31242 31243 31244 31245 31246 31247 31266 31267 31268 31269 31270 31271 31272 31273 31274 31275 31276 31277 31278 31280 31282 31283 31284 31285 31286 31287 31288 31289 31290 31291 31292 31293 31295 31334 31335 31336 31337 31338 31340 31341 31342 31343 31344 31351 31352 31353 31355 31356 31358 31370 31371 31372 31373 31374 31375 31385 31386 31387 31388 31390 31394 31404 31408 31410 31411 31456 31458 31460 31461 31462 31463 31464 31465 31468 31472 31475 31476 31480 31481 31484 31491 31493 31494 31495 31497 31498 31499 31501 31502 31503 31522 31523 31525 31526 31527 31528 31529 31530 31531 31532 31533 31536 31538 31539 31541 31542 31543 31544 31545 31546 31547 31548 31549 31554 31555 31557 31558 31559 31562 31563 31564 31565 31567 31584 31591 31592 31593 31600 31608 31609 31612 31642 31643 31657 31664 31666 31673 31682 31688 31689 31690 31691 31696 31698 31699 31704 31705 31712 31714 31715 31720 31721 31728 31730 31750 31754 31755 31756 31757 31758 31778 31779 31780 31781 31782 31783 31784 31785 31786 31787 31788 31789 31790 31791 31794 31795 31796 31797 31798 31799 31800 31801 31802 31803 31804 31805 31814 31815 31818 31819 31820 31821 31822 31846 31847 31848 31849 31850 31851 31852 31854 31855 31863 31864 31865 31866 31867 31869 31870 31882 31884 31885 31886 31887 31895 31899 31900 31901 31902 31903 31906 31910 31911 31912 31915 31916 31917 31918 31919 31922 31923 31946 31947 31948 31949 31950 31951 31962 31963 31964 31965 31966 31967 31970 31971 31972 31974 31975 31976 31977 31978 31979 31980 31981 31982 31983 31986 31987 31990 31991 31992 31993 31994 31995 31996 32003 32005 32006 32007 32009 32010 32011 32012 32013 32014 32015 32034 32035 32036 32038 32039 32043 32044 32045 32046 32047 32048 32050 32051 32052 32054 32055 32056 32057 32058 32059 32060 32062 32066 32067 32068 32070 32071 32072 32076 32078 32096 32099 32101 32103 32104 32105 32108 32112 32114 32120 32121 32124 32135 32137 32138 32139 32141 32142 32143 32146 32150 32151 32152 32153 32154 32156 32157 32158 32159 32163 32165 32167 32168 32169 32172 32176 32178 32179 32180 32184 32188 32194 32195 32196 32197 32198 32201 32202 32203 32204 32206 32207 32210 32211 32212 32217 32220 32224 32226 32227 32228 32229 32232 32233 32236 32240 32242 32243 32244 32248 32249 32261 32262 32265 32266 32267 32268 32269 32290 32291 32292 32293 32294 32295 32296 32297 32298 32299 32300 32301 32302 32303 32304 32306 32307 32308 32309 32310 32311 32312 32313 32314 32315 32316 32317 32318 32352 32355 32356 32357 32358 32360 32361 32362 32363 32364 32365 32366 32370 32371 32374 32376 32377 32378 32379 32380 32390 32391 32393 32394 32395 32396 32398 32402 32403 32406 32407 32408 32409 32410 32411 32414 32418 32419 32420 32422 32424 32428 32432 32435 32436 32440 32441 32444 32450 32451 32452 32453 32454 32455 32456 32458 32459 32460 32461 32462 32463 32482 32483 32484 32485 32489 32492 32496 32498 32499 32500 32504 32505 32508

G5（1000 个）
33475 33477 33479 33481 33483 33485 33487 33491 33492 33493 33494 33495 33496 33497 33498 33499 33500 33501 33502 33503 33507 33509 33511 33513 33517 33520 33522 33523 33524 33525 33526 33527 33528 33529 33530 33531 33532 33533 33602 33618 33619 33620 33623 33624 33625 33626 33632 33634 33635 33636 33640 33641 33648 33650 33653 33656 33657 33730 33731 33732 33733 33734 33735 33736 33737 33738 33739 33740 33741 33744 33746 33749 33750 33751 33754 33756 33762 33763 33764 33765 33768 33769 33778 34051 34054 34055 34059 34115 34118 34119 34131 34139 34140 34146 34147 34148 34149 34150 34153 34155 34156 34157 34160 34162 34164 34165 34167 34168 34169 34170 34171 34172 34173 34179 34182 34183 34185 34186 34187 34188 34189 34190 34191 34194 34195 34197 34198 34199 34201 34202 34204 34205 34206 34207 34210 34212 34213 34214 34215 34216 34217 34219 34220 34221 34227 34229 34230 34231 34232 34234 34235 34236 34237 34242 34243 34244 34245 34246 34247 34248 34249 34250 34251 34252 34253 34254 34255 34258 34259 34260 34261 34262 34263 34264 34265 34266 34267 34268 34269 34270 34271 34274 34275 34276 34277 34278 34279 34280 34281 34282 34283 34284 34285 34288 34290 34291 34292 34293 34294 34295 34296 34297 34298 34299 34435 34437 34439 34441 34443 34445 34447 34450 34451 34454 34455 34456 34457 34458 34460 34461 34462 34463 34467 34469 34471 34473 34475 34477 34480 34482 34485 34486 34487 34488 34490 34491 34492 34493 34499 34501 34503 34505 34507 34509 34511 34512 34514 34515 34516 34517 34518 34519 34520 34521 34522 34523 34524 34525 34526 34527 34531 34533 34535 34537 34539 34541 34544 34546 34547 34548 34549 34550 34551 34552 34553 34554 34555 34556 34557 34566 34567 34569 34570 34571 34573 34594 34601 34608 34610 34617 34626 34628 34629 34630 34631 34632 34634 34636 34637 34640 34642 34643 34644 34646 34647 34648 34649 34651 34652 34653 34656 34658 34659 34660 34674 34677 34694 34697 34698 34699 34701 34706 34707 34709 34711 34712 34713 34714 34716 34717 34722 34723 34724 34728 34729 34736 34738 34754 34756 34757 34758 34759 34760 34761 34762 34763 34764 34765 34768 34771 34772 34774 34775 34777 34778 34779 34780 34781 34786 34787 34788 34789 34792 34793 35011 35013 35015 35017 35019 35021 35023 35026 35029 35030 35031 35034 35036 35038 35039 35043 35045 35047 35049 35051 35053 35055 35056 35058 35062 35063 35065 35066 35067 35069 35155 35159 35160 35161 35165 35166 35167 35168 35174 35175 35176 35177 35180 35181 35184 35191 35192 35193 35196 35197 35266 35267 35270 35271 35272 35273 35274 35276 35277 35278 35279 35282 35286 35287 35290 35292 35294 35295 35296 35298 35301 35302 35303 35304 35305 35306 35308 35309 35312 35315 35318 35319 35320 35321 35322 35399 35405 35407 35431 35433 35435 35437 35525 35527 35529 35531 35533 35535 35536 35543 35544 35547 35548 35549 35550 35551 35557 35559 35561 35565 35568 35570 35572 35573 35574 35575 35576 35577 35580 35581 35664 35671 35672 35675 35676 35677 35680 35688 35778 35786 35787 35792 35794 35802 35808 35810 35811 35816 35824 35826 35843 35845 35847 35849 35851 35853 35855 35875 35877 35879 35881 35883 35885 35887 35888 35890 35891 35892 35893 35894 35895 35896 35897 35898 35900 35901 35902 35903 35907 35909 35911 35917 35919 35922 35926 35927 35928 35929 35930 35931 35932 35933 35934 35943 35945 35947 35949 35951 35952 35960 35961 35962 35963 35964 35966 35977 35979 35981 35983 35992 35993 35994 35996 35997 36007 36009 36011 36013 36018 36023 36026 36027 36028 36029 36031 36035 36037 36043 36045 36047 36050 36051 36052 36053 36054 36057 36058 36059 36060 36061 36062 36063 36067 36069 36071 36073 36075 36077 36079 36080 36082 36083 36084 36086 36087 36088 36089 36090 36091 36092 36093 36102 36103 36105 36106 36107 36109 36111 36130 36134 36135 36137 36139 36141 36144 36146 36150 36151 36154 36162 36165 36166 36167 36172 36174 36175 36176 36179 36183 36184 36185 36187 36188 36189 36190 36191 36192 36194 36198 36199 36200 36201 36203 36204 36205 36208 36215 36216 36217 36218 36219 36220 36221 36234 36239 36247 36250 36254 36255 36258 36263 36264 36265 36268 36269 36272 36274 36278 36279 36290 36291 36292 36293 36294 36295 36298 36299 36300 36301 36303 36304 36306 36309 36310 36314 36316 36318 36319 36320 36322 36323 36324 36325 36326 36329 36330 36331 36332 36333 36336 36338 36343 36345 36346 36347 36355 36357 36359 36361 36363 36365 36367 36387 36389 36391 36393 36395 36397 36400 36402 36403 36404 36405 36406 36419 36421 36423 36429 36431 36451 36453 36455 36457 36459 36461 36464 36466 36470 36472 36473 36474 36475 36476 36477 36487 36489 36491 36493 36495 36498 36502 36503 36504 36505 36506 36508 36510 36511 36515 36519 36525 36528 36530 36533 36534 36536 36541 36547 36549 36551 36553 36555 36557 36559 36560 36562 36563 36564 36565 36566 36567 36570 36571 36572 36573 36579 36581 36587 36589 36592 36594 36595 36596 36597 36598 36601 36602 36603 36604 36611 36613 36614 36615 36617 36618 36619 36620 36621 36642 36643 36644 36645 36648 36649 36656 36658 36659 36660 36661 36664 36665 36674 36675 36676 36677 36678 36679 36680 36682 36684 36685 36688 36690 36691 36692 36694 36695 36696 36697 36698 36699 36700 36701 36704 36706 36707 36708 36709 36712 36713 36722 36725 36729 36745 36746 36747 36754 36755 36760 36761 36762 36770 36771 36776 36784 36786 36787 36792 36802 36809 36810 36816 36818 36819 36824 36825 36827 37058 37059 37061 37062 37063 37064 37065 37066 37067 37068 37069 37070 37071 37074 37075 37077 37078 37079 37080 37081 37082 37083 37084 37085 37086 37087 37088 37090 37091 37093 37094 37095 37096 37098 37099 37100 37101 37102 37103 37104 37106 37110 37111 37113 37114 37115 37117 37570 37571 37573 37574 37575 37576 37577 37579 37580 37581 37582 37583 37584 37587 37591 37592 37593 37595 37597 37598 37599 37602 37603 37605 37606 37607 37608 37609 37611 37612 37613 37616 37618 37619 37621 37622 37623 37624 37625 37626 37627 37628 37629 37698 37701 37702 37703 37712 37715 37720 37721 37723 37728 37730 37731 37733 37736 37737 37746 37747 37752 37753

G6（1395 个）
41922 41923 41924 41926 41927 41928 41929 41930 41931 41932 41933 41938 41939 41940 41942 41943 41944 41945 41946 41947 41948 41949 41952 41954 41955 41956 41960 41968 41970 42115 42119 42125 42127 42131 42135 42137 42140 42142 42147 42159 42160 42167 42171 42172 42173 42174 42175 42179 42181 42183 42185 42187 42189 42191 42195 42199 42200 42201 42203 42204 42205 42206 42207 42211 42215 42219 42221 42223 42224 42226 42227 42228 42230 42231 42232 42235 42236 42243 42246 42247 42251 42253 42275 42288 42291 42295 42296 42299 42339 42343 42352 42355 42359 42361 42363 42364 42365 42371 42373 42374 42377 42379 42380 42381 42382 42383 42387 42391 42392 42393 42395 42396 42397 42398 42399 42403 42407 42416 42419 42423 42424 42425 42427 42428 42429 42434 42438 42439 42440 42441 42443 42444 42445 42446 42447 42448 42451 42455 42456 42457 42459 42460 42461 42462 42463 42464 42466 42467 42468 42469 42470 42471 42472 42473 42475 42476 42477 42482 42483 42484 42486 42487 42488 42489 42491 42627 42629 42631 42633 42635 42637 42639 42643 42648 42649 42651 42652 42654 42659 42672 42675 42679 42680 42681 42683 42684 42685 42691 42693 42695 42697 42699 42701 42703 42704 42711 42712 42713 42715 42716 42717 42718 42719 42723 42725 42727 42729 42731 42733 42736 42738 42739 42740 42742 42743 42744 42745 42746 42747 42748 42758 42759 42761 42762 42763 42765 42786 42800 42802 42809 42818 42819 42820 42822 42823 42824 42827 42828 42832 42839 42841 42843 42845 42851 42852 42853 42856 42857 42864 42866 42867 42872 42886 42887 42891 42893 42898 42899 42902 42903 42905 42906 42907 42908 42914 42915 42916 42920 42928 42930 42937 42946 42947 42948 42950 42951 42952 42955 42956 42960 42966 42967 42968 42969 42970 42971 42972 42976 42978 42980 42984 43203 43205 43207 43209 43211 43213 43215 43219 43223 43224 43225 43227 43228 43229 43230 43231 43235 43239 43245 43247 43248 43250 43254 43255 43259 43331 43376 43383 43384 43385 43387 43458 43459 43460 43462 43464 43472 43479 43480 43488 43490 43491 43492 43494 43496 43504 43510 43512 43587 43632 43640 43719 43751 43763 43847 43897 43970 43976 43984 43987 44000 44003 44016 44018 44039 44041 44045 44047 44067 44071 44073 44077 44079 44082 44083 44084 44086 44087 44088 44089 44090 44091 44092 44093 44094 44095 44103 44105 44107 44109 44111 44119 44121 44123 44124 44125 44126 44127 44135 44137 44139 44141 44143 44144 44152 44153 44154 44155 44156 44157 44158 44169 44171 44173 44199 44216 44227 44231 44243 44247 44248 44259 44263 44272 44274 44275 44276 44278 44294 44295 44297 44299 44301 44303 44336 44343 44345 44347 44349 44355 44359 44367 44391 44408 44409 44412 44425 44427 44429 44439 44440 44455 44482 44483 44484 44485 44486 44487 44488 44496 44499 44504 44512 44514 44515 44516 44517 44518 44519 44528 44530 44547 44549 44551 44553 44555 44557 44559 44579 44581 44583 44585 44589 44592 44594 44595 44596 44597 44598 44599 44600 44601 44603 44604 44605 44611 44613 44615 44617 44619 44621 44623 44643 44645 44647 44649 44651 44653 44656 44658 44662 44663 44664 44665 44666 44667 44668 44669 44679 44681 44685 44696 44711 44723 44739 44741 44743 44752 44755 44760 44771 44773 44775 44784 44786 44787 44788 44792 44803 44806 44807 44809 44811 44812 44813 44834 44835 44836 44837 44840 44841 44848 44850 44851 44852 44853 44856 44857 44866 44867 44868 44869 44870 44871 44872 44873 44875 44876 44877 44883 44888 44889 44892 44896 44898 44900 44901 44904 44905 44912 44914 44915 44920 44921 44937 44939 44946 44947 44963 44976 44978 44979 44984 44994 44995 45008 45010 45011 45016 45250 45251 45252 45253 45254 45255 45256 45257 45258 45259 45260 45261 45262 45263 45266 45267 45269 45270 45271 45272 45273 45276 45277 45278 45279 45280 45282 45283 45284 45285 45286 45287 45288 45289 45290 45291 45292 45293 45294 45295 45296 45298 45299 45300 45301 45302 45303 45304 45305 45306 45307 45308 45309 45762 45763 45764 45765 45766 45767 45768 45769 45771 45772 45773 45774 45775 45779 45783 45784 45785 45787 45788 45789 45790 45791 45792 45794 45800 45801 45803 45804 45805 45808 45810 45811 45812 45813 45814 45815 45816 45817 45818 45819 45820 45821 45890 45893 45894 45895 45904 45907 45929 45936 45938 45939 45940 45941 45944 45945 46019 46024 46025 46026 46027 46032 46034 46042 46050 46051 46056 46057 46064 46066 46067 46243 46247 46255 46256 46263 46268 46270 46271 46274 46276 46277 46278 46279 46283 46284 46285 46286 46287 46295 46300 46302 46303 46304 46306 46307 46308 46309 46310 46311 46315 46316 46317 46318 46319 46322 46323 46324 46325 46326 46327 46330 46331 46332 46333 46339 46341 46342 46343 46345 46347 46348 46349 46350 46351 46371 46375 46384 46387 46391 46392 46393 46395 46396 46403 46407 46415 46435 46439 46451 46456 46460 46467 46469 46470 46471 46475 46476 46477 46478 46479 46483 46489 46491 46492 46493 46494 46495 46499 46503 46515 46520 46521 46524 46530 46531 46533 46534 46535 46536 46537 46539 46540 46541 46542 46543 46544 46552 46553 46556 46560 46563 46564 46565 46566 46567 46568 46569 46572 46576 46578 46579 46580 46584 46585 46723 46725 46726 46727 46731 46732 46733 46734 46735 46739 46743 46745 46747 46748 46749 46750 46751 46755 46771 46776 46777 46780 46786 46787 46788 46790 46791 46792 46795 46796 46797 46803 46808 46818 46820 46821 46822 46823 46824 46825 46828 46835 46836 46840 46841 46844 46851 46853 46854 46855 46857 46858 46859 46860 46861 46882 46883 46884 46885 46896 46900 46901 46904 46905 46914 46915 46916 46917 46919 46923 46924 46925 46928 46931 46936 46937 46940 46944 46946 46947 46948 46949 46952 46953 46962 46963 46964 46968 46994 46995 47002 47003 47010 47011 47017 47024 47026 47027 47032 47033 47042 47043 47048 47049 47050 47051 47056 47058 47059 47064 47065 47072 47074 47075 47080 47081 47187 47189 47191 47192 47194 47195 47196 47197 47199 47200 47202 47203 47205 47206 47207 47208 47210 47211 47212 47214 47215 47216 47218 47219 47221 47222 47223 47224 47226 47229 47230 47298 47299 47301 47302 47304 47306 47307 47308 47309 47310 47311 47314 47317 47319 47322 47324 47327 47328 47330 47331 47334 47335 47336 47339 47340 47341 47342 47343 47344 47346 47347 47349 47350 47351 47352 47354 47355 47356 47357 47440 47443 47447 47449 47451 47452 47453 47454 47456 47459 47461 47463 47465 47467 47468 47469 47472 47474 47478 47479 47481 47482 47483 47484 47554 47555 47568 47570 47584 47586 47587 47600 47602 47603 47682 47683 47684 47685 47686 47687 47691 47692 47693 47694 47695 47712 47714 47718 47719 47720 47721 47723 47724 47725 47728 47735 47736 47737 47738 47739 47740 47741 47810 47811 47816 47824 47827 47840 47843 47856 47858 47859 47864 47938 47952 47976 47992 47993 48131 48133 48134 48135 48137 48138 48139 48140 48141 48142 48143 48162 48163 48164 48165 48166 48167 48168 48169 48170 48171 48172 48173 48174 48175 48176 48178 48179 48180 48181 48182 48183 48184 48185 48186 48187 48188 48190 48191 48194 48195 48196 48197 48198 48199 48202 48203 48204 48205 48206 48207 48210 48211 48213 48214 48215 48216 48217 48218 48219 48220 48221 48222 48223 48224 48226 48230 48231 48232 48233 48234 48235 48236 48237 48238 48239 48247 48248 48249 48250 48251 48252 48253 48254 48266 48267 48268 48269 48279 48290 48295 48296 48304 48306 48307 48309 48310 48311 48312 48322 48323 48324 48325 48326 48327 48328 48338 48339 48340 48341 48342 48343 48344 48352 48354 48355 48356 48357 48358 48359 48368 48370 48371 48372 48373 48374 48375 48387 48389 48391 48393 48394 48395 48396 48397 48398 48418 48419 48420 48421 48423 48424 48425 48427 48428 48429 48432 48434 48437 48439 48442 48444 48450 48453 48455 48460 48462 48463 48464 48467 48472 48473 48476 48480 48483 48485 48487 48488 48489 48492 48496 48498 48504 48505 48508 48522 48530 48560 48562 48578 48579 48592 48594 48608 48610 48611 48616 48624 48626 48627 48632 48643 48645 48646 48647 48649 48650 48651 48652 48653 48654 48655 48674 48675 48676 48677 48678 48680 48681 48683 48684 48685 48690 48691 48692 48693 48694 48695 48696 48714 48715 48716 48717 48718 48719 48736 48738 48739 48740 48741 48742 48743 48744 48745 48746 48747 48748 48749 48752 48754 48755 48757 48758 48759 48760 48761 48762 48763 48764 48786 48803 48816 48818 48819 48824 48834 48835 48848 48850 48851 48856 48864 48866 48867 48872 48880 48882 48883 48905 48906 48907 48930 48931 48936 48937 48944 48946 48947 48952 48953 48962 48963 48970 48971 48984 48992 49000 49001 49008 49010 49011 49016 49017

G7（2124 个）
49801 49803 49805 49807 49810 49811 49812 49814 49815 49816 49817 49818 49819 49820 49821 49822 49823 49827 49829 49831 49833 49837 49842 49844 49845 49846 49848 49850 49851 49852 49853 49861 49863 49865 49871 49891 49893 49901 49904 49906 49907 49908 49909 49910 49911 49912 49913 49914 49915 49916 49917 49923 49925 49926 49929 49931 49932 49933 49954 49955 49956 49960 49961 49970 49971 49973 49990 49991 49992 50016 50018 50019 50024 50032 50034 50035 50036 50037 50041 50051 50053 50054 50058 50059 50060 50061 50066 50067 50071 50072 50073 50082 50083 50084 50088 50089 50096 50098 50099 50101 50104 50105 50114 50116 50117 50118 50119 50120 50121 50122 50123 50124 50125 50128 50131 50132 50133 50134 50135 50136 50137 50138 50139 50140 50141 50146 50147 50148 50149 50152 50153 50162 50163 50164 50165 50307 50309 50311 50317 50319 50323 50324 50325 50326 50329 50330 50332 50333 50334 50335 50339 50341 50343 50345 50347 50349 50351 50352 50354 50355 50358 50365 50366 50367 50373 50375 50377 50379 50381 50383 50386 50388 50389 50390 50391 50393 50394 50395 50396 50397 50403 50407 50409 50415 50423 50424 50425 50426 50427 50429 50435 50437 50438 50439 50441 50442 50443 50444 50445 50446 50447 50466 50467 50468 50469 50472 50473 50475 50476 50477 50480 50482 50483 50484 50485 50486 50487 50488 50489 50490 50491 50492 50493 50498 50499 50500 50502 50503 50504 50505 50507 50510 50511 50530 50531 50532 50533 50534 50535 50536 50537 50541 50544 50546 50547 50548 50550 50551 50552 50553 50555 50556 50557 50563 50565 50566 50567 50570 50571 50572 50573 50574 50575 50578 50579 50580 50581 50582 50583 50585 50586 50587 50588 50589 50590 50591 50594 50596 50597 50598 50600 50601 50603 50604 50605 50608 50610 50611 50612 50613 50616 50617 50618 50619 50620 50621 50627 50628 50630 50631 50632 50633 50634 50635 50636 50637 50638 50639 50640 50642 50643 50646 50647 50648 50649 50650 50651 50652 50653 50654 50655 50656 50658 50660 50661 50662 50663 50664 50665 50666 50667 50668 50669 50672 50675 50676 50677 50678 50679 50680 50681 50682 50683 50819 50821 50823 50825 50827 50829 50831 50834 50835 50836 50837 50838 50839 50840 50842 50843 50844 50845 50846 50847 50851 50853 50855 50857 50859 50861 50864 50866 50867 50868 50869 50870 50872 50873 50874 50875 50876 50877 50883 50885 50887 50889 50891 50893 50895 50915 50917 50919 50921 50923 50925 50928 50930 50932 50933 50934 50935 50936 50937 50938 50939 50940 50941 50947 50949 50950 50951 50953 50954 50955 50957 50978 50979 50980 50981 50984 50985 50992 50994 50995 50996 50997 51001 51010 51011 51012 51013 51014 51016 51017 51018 51019 51020 51021 51056 51058 51059 51060 51061 51064 51065 51078 51079 51081 51082 51085 51092 51093 51094 51095 51096 51097 51099 51100 51101 51106 51107 51108 51109 51112 51122 51123 51124 51125 51129 51138 51139 51140 51141 51142 51144 51145 51146 51147 51148 51149 51152 51154 51155 51156 51159 51160 51161 51162 51163 51164 51165 51170 51172 51176 51177 51331 51333 51335 51337 51343 51346 51347 51349 51350 51351 51352 51353 51354 51357 51358 51359 51363 51365 51367 51369 51371 51373 51375 51376 51378 51379 51381 51382 51384 51386 51387 51388 51389 51390 51391 51395 51397 51399 51401 51403 51405 51407 51410 51411 51412 51413 51414 51416 51417 51418 51419 51420 51421 51422 51423 51427 51429 51431 51433 51435 51437 51439 51440 51442 51443 51444 51446 51447 51448 51449 51450 51451 51452 51453 51459 51461 51462 51463 51465 51466 51467 51468 51469 51470 51471 51490 51491 51492 51493 51494 51495 51496 51497 51499 51500 51501 51504 51506 51507 51508 51509 51510 51511 51512 51513 51514 51516 51517 51522 51523 51524 51525 51526 51527 51532 51533 51534 51535 51552 51556 51557 51558 51560 51561 51563 51564 51565 51568 51570 51571 51573 51574 51575 51576 51577 51578 51579 51580 51581 51590 51591 51593 51594 51598 51599 51602 51605 51606 51607 51608 51618 51619 51620 51621 51622 51623 51624 51632 51635 51637 51638 51650 51651 51652 51653 51654 51655 51656 51664 51666 51667 51668 51670 51671 51680 51682 51683 51684 51685 51686 51688 51696 51698 51699 51700 51703 51704 51715 51717 51719 51721 51723 51725 51727 51747 51751 51753 51760 51762 51763 51764 51765 51766 51767 51768 51769 51770 51771 51772 51773 51811 51813 51815 51817 51819 51821 51824 51826 51830 51832 51833 51834 51835 51836 51847 51849 51851 51853 51855 51863 51864 51875 51896 51907 51909 51911 51939 51941 51943 51952 51954 51955 51956 51957 51958 51960 51971 51973 51974 51975 51977 51978 51979 51980 51981 52002 52003 52005 52008 52009 52016 52018 52019 52021 52024 52025 52034 52035 52037 52038 52039 52043 52044 52045 52064 52066 52072 52073 52088 52089 52130 52136 52144 52146 52147 52152 52162 52168 52176 52178 52184 52192 52194 52195 52208 52210 52211 52227 52229 52231 52233 52237 52239 52259 52261 52263 52265 52267 52269 52271 52272 52274 52276 52277 52278 52279 52280 52281 52282 52283 52284 52285 52286 52287 52291 52293 52295 52297 52299 52301 52303 52323 52327 52329 52331 52333 52335 52336 52338 52344 52345 52346 52347 52348 52349 52350 52359 52361 52363 52365 52370 52374 52376 52387 52389 52391 52400 52402 52404 52408 52419 52421 52423 52434 52435 52436 52437 52438 52439 52453 52455 52464 52466 52467 52468 52470 52471 52472 52489 52490 52491 52492 52493 52494 52495 52514 52515 52516 52517 52518 52519 52520 52521 52523 52524 52525 52528 52530 52531 52532 52533 52534 52535 52536 52537 52538 52539 52540 52541 52546 52547 52548 52549 52550 52551 52552 52553 52555 52556 52557 52558 52559 52576 52578 52579 52580 52581 52582 52583 52584 52585 52587 52588 52589 52592 52594 52595 52597 52598 52599 52600 52601 52602 52603 52604 52605 52614 52615 52617 52618 52619 52620 52621 52626 52627 52629 52630 52631 52632 52642 52643 52644 52645 52648 52656 52658 52660 52661 52664 52674 52675 52676 52677 52678 52679 52680 52688 52690 52691 52692 52693 52694 52695 52696 52704 52706 52707 52708 52709 52710 52711 52712 52720 52722 52723 52724 52725 52726 52727 52728 52739 52741 52745 52747 52749 52771 52773 52777 52779 52781 52784 52786 52787 52788 52789 52790 52792 52793 52794 52795 52796 52797 52835 52837 52841 52843 52845 52848 52850 52852 52853 52854 52856 52857 52858 52859 52860 52861 52867 52869 52873 52875 52877 52882 52883 52884 52886 52888 52931 52933 52963 52965 52978 52979 52980 52981 52982 52984 52995 52997 52998 53001 53002 53003 53004 53005 53026 53027 53028 53029 53032 53033 53042 53043 53044 53045 53048 53049 53058 53059 53060 53061 53062 53063 53064 53065 53066 53067 53068 53069 53088 53090 53091 53092 53093 53096 53097 53104 53106 53107 53108 53109 53112 53113 53123 53129 53130 53131 53138 53139 53144 53154 53155 53160 53168 53170 53171 53186 53187 53200 53202 53203 53208 53379 53382 53383 53385 53386 53387 53388 53389 53390 53391 53394 53395 53397 53398 53399 53400 53401 53402 53403 53404 53405 53406 53407 53410 53412 53413 53414 53415 53416 53417 53419 53420 53421 53422 53423 53424 53427 53428 53429 53430 53431 53432 53433 53434 53435 53436 53437 53438 53439 53442 53443 53444 53445 53446 53447 53449 53450 53451 53452 53453 53454 53455 53458 53459 53461 53462 53463 53464 53465 53466 53467 53468 53474 53475 53476 53477 53478 53479 53480 53481 53482 53483 53484 53490 53491 53492 53493 53494 53495 53496 53497 53498 53499 53500 53891 53893 53894 53897 53900 53901 53902 53903 53907 53911 53912 53913 53915 53916 53918 53923 53936 53939 53943 53944 53947 53948 53949 53954 53956 53957 53958 53959 53961 53963 53964 53965 53966 53967 53984 53986 53987 53988 53990 53991 53992 53993 53995 53996 53997 54002 54003 54004 54005 54006 54007 54008 54009 54010 54011 54012 54013 54019 54021 54022 54023 54025 54026 54027 54028 54029 54050 54051 54052 54053 54056 54057 54064 54066 54069 54082 54085 54086 54087 54112 54114 54115 54116 54117 54121 54128 54130 54131 54132 54133 54136 54154 54162 54170 54178 54179 54184 54192 54194 54210 54211 54217 54218 54224 54226 54234 54240 54243 54248 54256 54258 54259 54405 54406 54407 54412 54414 54415 54423 54428 54430 54435 54447 54448 54455 54460 54462 54463 54466 54467 54468 54470 54471 54473 54475 54476 54477 54478 54479 54487 54492 54494 54495 54496 54498 54500 54502 54503 54504 54507 54508 54509 54510 54511 54512 54515 54516 54518 54519 54520 54523 54524 54531 54534 54535 54537 54539 54540 54541 54542 54543 54563 54576 54579 54583 54584 54587 54588 54595 54627 54631 54643 54648 54649 54652 54659 54661 54662 54663 54667 54668 54669 54670 54675 54679 54680 54683 54684 54685 54686 54687 54691 54695 54707 54712 54713 54716 54722 54723 54724 54727 54729 54731 54732 54733 54734 54735 54736 54739 54744 54745 54748 54752 54754 54758 54759 54760 54761 54764 54768 54770 54772 54776 54777 54915 54917 54918 54919 54921 54924 54925 54926 54927 54931 54935 54936 54937 54939 54940 54941 54942 54943 54947 54951 54963 54969 54972 54978 54980 54981 54982 54987 54990 54991 55008 55010 55011 55012 55014 55015 55016 55017 55020 55024 55026 55027 55032 55033 55036 55043 55045 55046 55047 55049 55050 55051 55052 55053 55074 55075 55076 55077 55081 55088 55090 55091 55092 55093 55096 55097 55106 55107 55108 55110 55111 55113 55115 55116 55117 55136 55138 55139 55140 55141 55144 55145 55152 55154 55155 55156 55160 55161 55171 55177 55178 55179 55186 55187 55192 55193 55194 55202 55203 55208 55209 55216 55218 55219 55234 55235 55241 55242 55243 55248 55250 55251 55256 55257 55264 55266 55267 55272 55273 55299 55301 55302 55303 55305 55306 55307 55309 55310 55311 55330 55331 55332 55333 55334 55335 55336 55337 55338 55339 55340 55341 55343 55344 55346 55349 55350 55351 55354 55356 55358 55362 55365 55366 55367 55370 55372 55374 55375 55392 55394 55395 55396 55397 55398 55399 55400 55401 55402 55404 55405 55406 55429 55430 55431 55434 55439 55442 55446 55447 55450 55454 55455 55458 55459 55460 55461 55462 55463 55464 55465 55468 55469 55470 55471 55472 55474 55477 55478 55479 55484 55486 55487 55490 55491 55492 55493 55494 55495 55498 55499 55500 55501 55502 55503 55506 55509 55510 55511 55514 55516 55518 55519 55520 55522 55523 55524 55525 55526 55528 55529 55530 55531 55532 55533 55534 55536 55538 55539 55540 55541 55543 55544 55545 55546 55547 55548 55549 55555 55557 55558 55559 55561 55562 55563 55564 55565 55566 55567 55586 55587 55588 55589 55590 55591 55592 55593 55595 55596 55597 55600 55602 55605 55606 55607 55610 55612 55618 55621 55622 55623 55628 55630 55631 55648 55651 55652 55653 55654 55655 55657 55659 55660 55661 55664 55666 55667 55668 55669 55670 55671 55672 55673 55674 55675 55676 55677 55690 55698 55714 55715 55720 55728 55730 55747 55760 55762 55776 55792 55794 55795 55811 55813 55814 55815 55817 55818 55819 55820 55821 55822 55823 55842 55843 55844 55845 55846 55847 55848 55849 55851 55852 55853 55856 55858 55859 55861 55862 55863 55864 55865 55866 55867 55868 55869 55904 55906 55907 55908 55909 55910 55911 55912 55913 55915 55916 55917 55920 55922 55925 55926 55927 55929 55930 55931 55932 55933 55945 55947 55955 55960 55971 55992 56002 56032 56034 56035 56040 56048 56050 56067 56073 56074 56075 56098 56099 56104 56130 56162 56163 56178 56185 56323 56325 56326 56327 56329 56330 56331 56332 56333 56334 56335 56354 56355 56356 56357 56358 56359 56360 56361 56362 56363 56364 56365 56366 56367 56368 56370 56371 56372 56373 56374 56376 56377 56378 56380 56381 56382 56383 56386 56387 56388 56389 56390 56391 56392 56393 56394 56395 56396 56397 56398 56399 56416 56418 56419 56420 56421 56422 56423 56424 56425 56426 56427 56428 56429 56430 56431 56432 56434 56435 56437 56438 56439 56440 56441 56442 56443 56444 56445 56454 56455 56457 56458 56459 56460 56461 56466 56467 56470 56471 56482 56483 56484 56485 56486 56487 56488 56496 56498 56499 56500 56501 56502 56503 56504 56514 56515 56516 56518 56519 56530 56531 56532 56533 56534 56535 56536 56544 56546 56547 56548 56549 56550 56551 56552 56560 56562 56563 56564 56565 56566 56567 56568 56579 56581 56582 56583 56585 56586 56587 56588 56610 56611 56612 56613 56614 56616 56619 56620 56621 56624 56626 56629 56630 56631 56634 56636 56642 56646 56647 56652 56654 56655 56672 56674 56675 56676 56677 56678 56679 56680 56681 56684 56688 56690 56691 56692 56696 56697 56714 56722 56738 56739 56752 56754 56770 56802 56803 56808 56818 56819 56824 56835 56837 56838 56839 56841 56842 56844 56866 56867 56868 56870 56871 56872 56873 56874 56875 56876 56877 56882 56883 56884 56885 56886 56890 56891 56892 56893 56928 56930 56931 56932 56933 56934 56935 56936 56937 56938 56939 56940 56941 56944 56946 56947 56948 56949 56950 56951 56952 56953 56954 56956 56957 56963 56970 56971 56984 56994 57000 57008 57010 57011 57026 57027 57058 57059 57064 57074 57075 57097 57098 57099 57129 57138 57139 57145 57154 57155 57161 57162 57163 57184 57187 57193 57200 57202 57209

G8（1545 个）
57991 57993 58002 58003 58004 58006 58008 58009 58010 58011 58012 58013 58014 58015 58019 58023 58029 58032 58034 58035 58036 58038 58039 58040 58041 58043 58044 58045 58051 58053 58055 58057 58059 58061 58063 58064 58066 58068 58069 58070 58071 58072 58074 58077 58078 58079 58083 58085 58087 58089 58091 58093 58098 58099 58100 58101 58102 58103 58104 58105 58106 58107 58108 58109 58118 58119 58122 58123 58125 58146 58153 58160 58162 58169 58178 58179 58180 58181 58182 58183 58184 58185 58186 58187 58188 58192 58194 58195 58196 58198 58199 58200 58201 58202 58203 58205 58208 58210 58213 58216 58217 58224 58226 58227 58228 58232 58233 58246 58247 58250 58251 58253 58258 58259 58260 58261 58262 58263 58266 58267 58268 58269 58274 58275 58276 58277 58280 58281 58288 58297 58306 58308 58312 58314 58326 58327 58328 58330 58331 58332 58333 58338 58340 58341 58344 58345 58501 58503 58509 58514 58515 58516 58518 58519 58522 58524 58525 58526 58527 58531 58539 58541 58543 58544 58546 58547 58548 58549 58550 58554 58555 58556 58557 58558 58567 58569 58571 58573 58575 58578 58580 58582 58583 58584 58586 58587 58590 58591 58595 58601 58603 58605 58607 58608 58610 58612 58614 58615 58616 58617 58618 58619 58620 58627 58629 58630 58631 58633 58634 58635 58636 58637 58638 58639 58658 58659 58660 58662 58663 58664 58667 58668 58672 58674 58675 58676 58680 58681 58682 58683 58684 58690 58691 58692 58694 58695 58700 58704 58711 58712 58713 58716 58720 58722 58725 58726 58727 58728 58729 58731 58732 58736 58738 58739 58740 58741 58742 58743 58744 58745 58746 58747 58749 58755 58757 58758 58761 58762 58764 58765 58766 58767 58770 58771 58772 58773 58774 58776 58780 58781 58782 58783 58790 58792 58818 58831 58832 58834 58835 58836 58837 58839 58840 58842 58843 58844 58845 58846 58847 58848 58872 58873 58874 58875 59013 59023 59026 59028 59031 59032 59034 59051 59053 59056 59058 59059 59060 59061 59062 59063 59064 59066 59067 59068 59069 59075 59077 59079 59081 59083 59085 59087 59088 59090 59091 59092 59093 59094 59096 59098 59099 59100 59101 59102 59103 59107 59109 59111 59113 59115 59117 59120 59122 59123 59124 59126 59127 59128 59129 59130 59131 59132 59133 59142 59145 59146 59147 59149 59177 59184 59186 59193 59202 59203 59204 59205 59206 59207 59208 59210 59211 59212 59213 59216 59218 59219 59222 59223 59224 59225 59226 59227 59228 59229 59232 59234 59235 59236 59237 59240 59241 59250 59251 59252 59253 59256 59257 59270 59271 59273 59274 59275 59282 59283 59284 59286 59287 59298 59321 59330 59331 59332 59333 59334 59335 59336 59339 59340 59341 59346 59347 59348 59350 59351 59354 59355 59356 59357 59362 59363 59364 59368 59527 59529 59531 59538 59539 59542 59543 59544 59545 59546 59548 59551 59555 59559 59565 59567 59568 59570 59574 59575 59581 59583 59591 59593 59595 59602 59603 59604 59606 59607 59608 59610 59611 59612 59613 59614 59619 59621 59623 59625 59627 59629 59634 59638 59641 59642 59643 59651 59653 59654 59655 59657 59658 59661 59662 59663 59682 59683 59684 59691 59692 59693 59700 59702 59703 59704 59705 59706 59707 59708 59714 59715 59716 59718 59719 59724 59726 59728 59735 59736 59737 59739 59740 59741 59742 59743 59744 59747 59748 59750 59751 59752 59755 59756 59757 59762 59763 59764 59765 59766 59770 59771 59772 59773 59800 59810 59811 59812 59814 59815 59816 59824 59826 59827 59829 59830 59831 59842 59843 59844 59845 59846 59847 59872 59874 59880 59890 59891 59892 59907 59909 59911 59913 59915 59917 59919 59943 59952 59954 59955 59960 59961 59963 59964 59971 60003 60007 60011 60013 60018 60020 60027 60028 60035 60039 60055 60056 60083 60099 60101 60103 60112 60120 60131 60133 60135 60144 60146 60147 60148 60152 60166 60167 60169 60170 60171 60173 60194 60217 60226 60227 60229 60230 60231 60235 60236 60237 60240 60243 60248 60249 60252 60256 60258 60259 60261 60280 60281 60306 60307 60323 60336 60338 60354 60355 60360 61027 61029 61031 61033 61035 61037 61042 61044 61045 61046 61048 61049 61050 61052 61053 61059 61061 61063 61065 61067 61069 61074 61075 61076 61078 61079 61080 61095 61104 61106 61107 61108 61112 61123 61125 61127 61138 61139 61140 61144 61155 61157 61170 61171 61172 61194 61195 61219 61220 61221 61224 61225 61234 61235 61236 61237 61240 61266 61267 61268 61272 61273 61276 61280 61282 61284 61285 61288 61289 61296 61298 61299 61300 61304 61305 61574 61577 61578 61579 61581 61586 61587 61588 61589 61611 61612 61614 61616 61618 61622 61623 61625 61626 61629 61634 61636 61638 61639 61640 61641 61642 61644 61645 61652 61653 61654 61655 61656 61658 61659 61660 61668 61669 61670 61671 61672 61675 61686 61689 61691 62083 62085 62086 62087 62090 62091 62092 62093 62094 62095 62098 62102 62103 62105 62106 62107 62108 62110 62114 62115 62116 62118 62120 62123 62124 62125 62128 62130 62132 62133 62135 62136 62138 62139 62140 62146 62147 62148 62150 62151 62152 62153 62154 62155 62156 62157 62158 62159 62162 62163 62165 62166 62167 62168 62169 62170 62172 62173 62174 62175 62178 62180 62181 62182 62183 62184 62185 62187 62188 62195 62196 62197 62198 62199 62200 62202 62203 62204 62205 62214 62215 62217 62221 62265 62274 62275 62276 62277 62279 62280 62281 62282 62283 62284 62285 62288 62290 62291 62292 62322 62324 62325 62328 62329 62345 62354 62355 62360 62363 62371 62384 62386 62393 62402 62403 62408 62409 62419 62426 62427 62434 62435 62440 62450 62595 62598 62599 62602 62604 62605 62606 62607 62610 62611 62612 62614 62615 62620 62622 62626 62628 62630 62632 62635 62636 62637 62638 62642 62643 62644 62645 62646 62670 62671 62674 62675 62676 62679 62680 62681 62682 62684 62685 62686 62688 62690 62691 62692 62694 62695 62696 62699 62702 62703 62704 62706 62707 62710 62711 62712 62715 62716 62726 62727 62729 62732 62733 62734 62763 62764 62765 62768 62770 62771 62772 62774 62775 62776 62779 62780 62786 62787 62788 62790 62792 62795 62796 62808 62809 62812 62816 62818 62820 62821 62822 62823 62824 62825 62828 62834 62835 62836 62840 62841 62844 62853 62854 62855 62857 62858 62859 62862 62863 62866 62867 62868 62870 62871 62872 62874 62876 62877 62878 62879 62882 62883 62884 62886 62887 62888 62889 62892 62896 62898 62900 62904 62908 62914 62915 62916 62917 62918 62919 62922 62923 62924 62925 62926 62928 62930 62931 62932 62936 62937 62940 62944 62946 62947 62948 62949 62951 62952 62953 62956 62962 62963 62964 62968 63107 63109 63110 63111 63114 63115 63116 63118 63119 63122 63123 63124 63126 63128 63129 63130 63133 63134 63135 63138 63139 63140 63142 63143 63144 63148 63152 63154 63155 63156 63160 63161 63164 63170 63171 63172 63173 63174 63175 63176 63178 63181 63182 63183 63184 63186 63187 63188 63196 63200 63202 63203 63204 63205 63206 63208 63209 63212 63216 63218 63219 63220 63224 63225 63228 63238 63239 63266 63273 63280 63282 63289 63298 63300 63301 63302 63303 63304 63305 63307 63308 63309 63312 63314 63315 63316 63320 63321 63324 63328 63330 63332 63333 63336 63344 63346 63348 63352 63497 63498 63501 63522 63526 63529 63530 63531 63535 63538 63542 63543 63545 63546 63547 63549 63554 63555 63556 63557 63558 63560 63562 63564 63565 63566 63567 63570 63571 63572 63574 63575 63576 63579 63580 63581 63582 63583 63586 63588 63590 63591 63592 63593 63594 63595 63596 63597 63598 63602 63603 63604 63605 63606 63609 63610 63613 63622 63623 63625 63626 63627 63634 63635 63638 63639 63640 63641 63642 63644 63645 63650 63651 63652 63654 63655 63656 63660 63662 63663 63664 63666 63670 63674 63675 63677 63679 63682 63683 63684 63685 63686 63687 63688 63690 63692 63693 63694 63698 63699 63700 63702 63704 63705 63707 63708 63738 63739 63778 63779 63780 63782 63783 63784 63787 63788 63789 63792 63794 63795 63798 63800 63801 63802 63804 63810 63811 63812 63814 63815 63820 63822 63824 63830 63831 63832 63833 63834 63835 63836 63837 63838 63843 63844 63845 63846 63847 63848 63849 63851 63852 63856 63858 63859 63860 63861 63862 63864 63865 63866 63867 63868 63869 63875 63890 63891 63896 63906 63912 63920 63922 63923 63938 63939 63944 63952 63954 63955 63971 63976 63986 63987 64003 64006 64011 64014 64034 64035 64036 64038 64039 64040 64043 64044 64045 64048 64050 64051 64052 64054 64055 64056 64057 64058 64059 64060 64066 64068 64096 64098 64099 64100 64102 64103 64104 64107 64108 64112 64114 64116 64118 64119 64120 64124 64131 64176 64178 64179 64184 64194 64195 64200 64208 64210 64211 64216 64224 64226 64232 64242 64243 64290 64297 64304 64306 64313 64322 64323 64330 64331 64338 64339 64344 64345 64360 64368 64370 64376 64377 64521 64522 64523 64525 64546 64547 64548 64549 64550 64551 64552 64554 64555 64556 64557 64558 64559 64562 64563 64564 64565 64566 64569 64570 64571 64573 64578 64580 64581 64582 64583 64584 64585 64586 64587 64588 64589 64590 64594 64595 64596 64598 64599 64600 64602 64603 64604 64605 64606 64607 64610 64611 64612 64614 64615 64616 64617 64618 64619 64620 64622 64623 64626 64628 64631 64634 64635 64643 64645 64646 64647 64649 64650 64651 64652 64653 64658 64659 64660 64664 64674 64675 64676 64688 64690 64691 64692 64694 64695 64696 64706 64707 64708 64710 64711 64712 64722 64723 64724 64738 64739 64740 64742 64743 64744 64754 64827 64834 64835 64836 64838 64840 64843 64844 64848 64856 64857 64860 64864 64866 64867 64868 64869 64870 64872 64873 64876 64880 64882 64883 64884 64892