b 候选 共 9545 个

G1（932 个）
809 810 811 814 825 826 827 830 846 857 858 859 862 872 874 876 877 878 879 888 889 890 891 892 893 894 905 906 907 909 910 914 915 917 918 919 921 922 923 925 926 930 931 933 934 935 937 938 939 941 942 943 946 947 949 951 953 954 955 957 958 964 965 966 968 969 970 971 972 973 974 976 978 979 980 981 982 983 984 985 986 987 988 989 990 994 996 997 998 1003 1004 1005 1012 1013 1014 1323 1326 1337 1338 1339 1342 1355 1358 1374 1384 1385 1386 1389 1390 1391 1400 1401 1402 1403 1404 1405 1406 1417 1418 1419 1421 1422 1423 1426 1427 1429 1430 1431 1433 1434 1435 1437 1438 1439 1442 1446 1447 1449 1453 1454 1458 1459 1461 1462 1463 1465 1466 1467 1469 1470 1471 1476 1477 1478 1479 1480 1481 1482 1483 1484 1485 1486 1487 1488 1490 1491 1492 1494 1495 1496 1497 1498 1499 1500 1501 1502 1503 1504 1506 1507 1508 1509 1510 1511 1515 1516 1517 1518 1519 1523 1524 1526 1527 1531 1577 1579 1592 1593 1594 1624 1625 1626 1627 1630 1641 1643 1645 1647 1656 1657 1658 1659 1660 1661 1662 1673 1675 1677 1679 1684 1685 1686 1687 1688 1689 1690 1691 1692 1693 1694 1695 1701 1703 1705 1709 1711 1714 1717 1718 1719 1720 1721 1722 1723 1724 1725 1726 1727 1733 1735 1737 1739 1741 1743 1744 1746 1748 1749 1750 1751 1752 1753 1754 1755 1756 1757 1758 1759 1767 1771 1773 1775 1776 1778 1780 1781 1782 1783 1787 1788 1789 1832 1833 1834 1835 1838 1851 1854 1864 1865 1866 1867 1870 1880 1881 1882 1883 1886 1896 1897 1898 1899 1900 1902 1912 1913 1914 1915 1916 1928 1929 1930 1931 1932 1934 1938 1939 1940 1942 1944 1945 1946 1947 1948 1950 1952 1954 1955 1956 1958 1960 1961 1962 1963 1964 1966 1968 1970 1971 1972 1974 1976 1977 1978 1979 1982 1988 1990 1992 1993 1994 1995 1996 1998 2002 2003 2004 2006 2008 2009 2011 2012 2014 2018 2020 2022 2027 2028 2347 2351 2355 2359 2363 2367 2379 2381 2382 2383 2387 2390 2391 2393 2394 2395 2397 2398 2399 2405 2406 2407 2411 2413 2414 2419 2421 2423 2427 2429 2430 2447 2455 2463 2467 2471 2479 2483 2487 2495 2503 2509 2511 2515 2517 2519 2525 2527 2603 2605 2607 2611 2613 2614 2617 2618 2619 2621 2622 2623 2635 2637 2639 2643 2646 2647 2648 2649 2651 2652 2653 2654 2659 2661 2663 2667 2669 2671 2676 2677 2678 2679 2683 2684 2685 2686 2701 2707 2711 2717 2719 2723 2727 2739 2743 2749 2757 2759 2765 2767 2771 2772 2775 2780 2781 2783 2858 2859 2861 2862 2863 2866 2867 2869 2871 2873 2874 2875 2877 2878 2879 2888 2889 2890 2891 2892 2893 2894 2895 2896 2898 2899 2900 2903 2905 2906 2907 2908 2909 2910 2911 2914 2918 2919 2923 2924 2925 2926 2927 2928 2930 2931 2933 2934 2935 2939 2940 2941 2942 2957 2959 2963 2965 2967 2973 2975 2979 2981 2983 2989 2991 2995 2997 2999 3005 3012 3013 3015 3020 3021 3023 3027 3028 3029 3031 3036 3037 3039 3113 3115 3117 3119 3123 3125 3126 3127 3130 3131 3133 3134 3145 3147 3149 3151 3154 3155 3156 3157 3158 3160 3161 3162 3163 3164 3165 3166 3167 3171 3173 3175 3177 3179 3181 3183 3186 3187 3188 3190 3191 3192 3193 3194 3195 3196 3197 3198 3211 3213 3215 3221 3222 3223 3227 3229 3230 3231 3235 3237 3239 3243 3245 3247 3251 3253 3254 3255 3259 3261 3262 3263 3269 3271 3275 3277 3279 3282 3283 3284 3285 3286 3287 3291 3292 3293 3294 3295 3299 3301 3303 3309 3315 3316 3317 3319 3324 3325 3369 3370 3373 3374 3375 3378 3379 3381 3382 3383 3385 3387 3389 3390 3391 3400 3402 3403 3404 3405 3406 3407 3408 3410 3411 3412 3415 3417 3418 3419 3420 3421 3422 3423 3426 3427 3428 3429 3432 3433 3434 3435 3436 3437 3438 3439 3440 3442 3443 3444 3445 3447 3448 3449 3450 3451 3452 3453 3454 3467 3469 3470 3471 3474 3475 3477 3478 3479 3483 3485 3486 3487 3493 3494 3495 3499 3501 3502 3503 3507 3509 3510 3511 3515 3517 3518 3519 3524 3525 3526 3527 3531 3532 3533 3534 3535 3538 3539 3540 3541 3542 3543 3547 3548 3555 3556 3557 3559 3564 3571 3572 3573 3575 3625 3627 3629 3634 3635 3636 3637 3638 3639 3640 3641 3642 3644 3645 3646 3657 3659 3661 3663 3664 3666 3667 3668 3669 3670 3671 3672 3674 3675 3676 3677 3678 3679 3683 3685 3687 3689 3691 3693 3695 3698 3699 3700 3701 3702 3704 3705 3706 3707 3708 3709 3723 3725 3727 3730 3731 3732 3734 3735 3739 3740 3741 3742 3743 3747 3749 3751 3755 3757 3759 3764 3765 3766 3767 3771 3772 3773 3774 3775 3781 3783 3789 3794 3795 3796 3797 3798 3799 3803 3804 3811 3813 3828 3829 3831 3880 3881 3882 3883 3884 3890 3891 3892 3894 3896 3897 3898 3899 3902 3912 3913 3914 3916 3918 3922 3923 3924 3926 3928 3929 3931 3932 3934 3936 3938 3939 3940 3942 3944 3946 3947 3948 3950 3952 3954 3955 3956 3958 3979 3980 3982 3984 3986 3987 3988 3995 3996 3998 4002 4003 4004 4006 4011 4012 4014 4018 4019 4022 4036 4038 4043 4044 4051 4052 4054

G2（1963 个）
9001 9002 9016 9017 9018 9032 9034 9048 9049 9050 9064 9066 9070 9080 9081 9082 9083 9086 9096 9097 9098 9099 9100 9101 9102 9103 9106 9107 9108 9109 9110 9111 9112 9113 9114 9115 9116 9117 9118 9119 9122 9123 9124 9125 9126 9127 9128 9129 9131 9132 9133 9134 9135 9138 9139 9141 9143 9144 9145 9146 9147 9148 9149 9150 9151 9157 9158 9159 9160 9161 9162 9163 9164 9165 9166 9167 9168 9170 9171 9172 9174 9175 9176 9177 9178 9179 9181 9182 9183 9184 9186 9187 9188 9189 9190 9191 9192 9193 9194 9195 9196 9197 9198 9199 9200 9202 9203 9204 9206 9207 9528 9529 9530 9560 9576 9582 9592 9593 9594 9595 9598 9608 9609 9610 9612 9613 9614 9615 9618 9619 9620 9622 9623 9624 9625 9626 9627 9628 9629 9630 9631 9634 9635 9638 9639 9640 9644 9646 9647 9650 9651 9652 9654 9657 9658 9659 9661 9662 9663 9668 9669 9670 9671 9672 9673 9674 9675 9676 9677 9678 9679 9680 9682 9683 9684 9686 9687 9688 9689 9690 9691 9692 9693 9694 9695 9696 9698 9699 9700 9701 9702 9703 9704 9705 9706 9707 9708 9709 9710 9711 9712 9714 9715 9716 9717 9718 9719 9721 9722 9723 9769 9784 9785 9786 9816 9817 9818 9833 9835 9848 9849 9850 9851 9854 9865 9867 9869 9871 9874 9876 9878 9879 9880 9881 9882 9883 9884 9885 9886 9887 9895 9903 9906 9910 9911 9912 9913 9914 9915 9916 9917 9918 9919 9925 9927 9929 9931 9933 9935 9936 9938 9940 9942 9943 9944 9945 9946 9947 9949 9950 9951 9957 9959 9961 9963 9965 9967 9968 9970 9972 9973 9974 9975 9976 9977 9978 9980 9981 10024 10025 10026 10040 10041 10042 10056 10057 10058 10072 10073 10074 10088 10089 10090 10091 10094 10104 10105 10106 10107 10120 10121 10122 10123 10124 10126 10130 10131 10132 10134 10136 10137 10138 10139 10140 10142 10144 10146 10147 10148 10150 10152 10155 10156 10158 10160 10162 10163 10164 10166 10168 10169 10170 10171 10172 10174 10180 10182 10184 10185 10186 10187 10188 10190 10192 10194 10195 10196 10198 10203 10204 10206 10208 10210 10211 10214 10216 10219 10220 10222 10542 10543 10547 10550 10551 10553 10554 10555 10558 10572 10574 10584 10588 10590 10591 10594 10595 10598 10599 10600 10604 10606 10607 10611 10615 10616 10617 10618 10619 10620 10621 10622 10635 10637 10638 10639 10646 10647 10651 10653 10654 10655 10659 10662 10663 10670 10671 10675 10678 10679 10683 10685 10686 10687 10692 10693 10694 10695 10699 10700 10701 10702 10703 10706 10707 10708 10710 10711 10715 10716 10717 10718 10719 10723 10724 10727 10732 10733 10735 10739 10740 10743 10799 10803 10806 10807 10811 10812 10814 10840 10844 10846 10847 10851 10855 10863 10866 10867 10870 10871 10872 10875 10876 10908 10940 10943 10951 10959 10972 10974 10975 10979 10983 10991 10995 10996 10999 11004 11005 11048 11052 11054 11055 11058 11059 11063 11064 11065 11067 11068 11069 11070 11071 11080 11084 11086 11087 11102 11103 11106 11110 11112 11116 11118 11119 11120 11122 11123 11124 11127 11128 11129 11130 11131 11132 11133 11134 11147 11148 11149 11150 11151 11154 11155 11158 11159 11163 11164 11165 11166 11167 11172 11174 11175 11180 11183 11188 11190 11191 11195 11196 11197 11198 11204 11205 11206 11207 11211 11212 11213 11214 11215 11218 11219 11222 11223 11227 11228 11229 11230 11239 11244 11245 11251 11252 11253 11305 11307 11318 11321 11322 11326 11337 11339 11346 11350 11352 11354 11355 11358 11363 11365 11367 11369 11371 11373 11375 11378 11379 11380 11381 11382 11384 11385 11386 11387 11388 11389 11390 11401 11403 11405 11407 11411 11414 11415 11417 11418 11419 11420 11421 11422 11423 11427 11431 11439 11446 11447 11451 11452 11453 11454 11455 11461 11463 11465 11467 11469 11471 11475 11476 11478 11479 11480 11481 11482 11483 11484 11485 11486 11487 11491 11493 11495 11499 11501 11503 11506 11507 11508 11509 11510 11511 11515 11516 11517 11560 11566 11570 11574 11576 11577 11578 11579 11582 11592 11598 11600 11614 11618 11619 11620 11622 11623 11624 11628 11630 11631 11632 11634 11635 11636 11638 11639 11641 11642 11643 11644 11645 11646 11656 11657 11658 11659 11660 11661 11662 11666 11667 11668 11671 11672 11673 11674 11675 11676 11677 11678 11679 11682 11683 11686 11687 11688 11692 11694 11695 11698 11699 11702 11707 11708 11709 11710 11716 11717 11718 11719 11720 11722 11723 11724 11725 11726 11727 11728 11732 11734 11735 11736 11738 11739 11740 11741 11742 11744 11747 11748 11749 11750 11751 11755 11756 11757 11758 11762 11763 11764 11765 11766 11767 11817 11819 11826 11830 11832 11833 11834 11835 11838 11849 11851 11856 11858 11862 11864 11865 11866 11870 11875 11877 11879 11883 11885 11887 11888 11890 11891 11893 11894 11895 11896 11898 11899 11900 11901 11902 11913 11915 11917 11919 11922 11923 11924 11926 11928 11929 11930 11931 11932 11933 11934 11935 11939 11943 11951 11954 11955 11958 11959 11960 11963 11964 11965 11966 11973 11975 11981 11983 11984 11988 11990 11991 11992 11994 11995 11996 11997 11998 12005 12007 12011 12013 12015 12019 12020 12021 12022 12023 12072 12073 12074 12075 12078 12080 12082 12086 12088 12089 12090 12091 12104 12105 12106 12107 12110 12112 12114 12118 12120 12121 12122 12123 12126 12128 12130 12131 12132 12134 12136 12137 12138 12140 12142 12144 12146 12147 12148 12150 12168 12170 12171 12172 12174 12176 12178 12179 12182 12185 12186 12187 12188 12190 12192 12194 12195 12196 12198 12200 12203 12204 12206 12208 12210 12211 12212 12230 12232 12234 12235 12236 12238 12242 12243 12246 12840 12841 12842 12856 12857 12858 12872 12874 12888 12889 12890 12904 12905 12906 12910 12920 12921 12922 12923 12926 12936 12937 12938 12939 12940 12941 12942 12943 12946 12947 12948 12950 12951 12952 12953 12954 12955 12956 12957 12958 12959 12962 12963 12964 12966 12967 12968 12972 12974 12975 12978 12979 12983 12984 12985 12986 12987 12988 12989 12990 12991 12998 12999 13000 13001 13002 13003 13004 13005 13006 13007 13008 13010 13011 13012 13014 13015 13016 13017 13018 13019 13021 13022 13023 13024 13026 13027 13028 13029 13030 13031 13032 13033 13034 13035 13036 13037 13038 13039 13040 13042 13043 13044 13045 13046 13047 13048 13049 13050 13051 13052 13053 13097 13098 13114 13130 13144 13145 13146 13160 13161 13162 13166 13176 13177 13178 13179 13182 13194 13202 13206 13210 13212 13214 13216 13218 13219 13220 13222 13227 13228 13230 13232 13234 13242 13252 13254 13256 13257 13258 13259 13262 13264 13266 13270 13274 13276 13278 13280 13282 13283 13284 13286 13288 13289 13290 13291 13292 13294 13296 13298 13302 13352 13353 13354 13370 13386 13400 13401 13402 13432 13433 13434 13438 13450 13452 13454 13458 13463 13466 13468 13470 13471 13474 13475 13476 13479 13480 13484 13486 13487 13508 13509 13511 13512 13513 13514 13516 13517 13518 13519 13520 13522 13527 13530 13532 13534 13535 13536 13538 13539 13540 13541 13543 13544 13545 13546 13548 13549 13550 13551 13552 13554 13555 13556 13559 13560 13561 13562 13564 13608 13624 13625 13626 13640 13672 13678 13691 13694 13704 13705 13706 13707 13708 13710 13712 13714 13715 13716 13718 13720 13721 13722 13723 13724 13726 13728 13730 13731 13732 13734 13736 13742 13744 13746 13747 13752 13753 13754 13755 13756 13758 13764 13766 13768 13769 13770 13771 13772 13774 13776 13778 13779 13780 13782 13784 13785 13786 13787 13788 13790 13792 13794 13795 13796 13798 13800 13801 13802 13803 13804 13806 13808 13810 13811 13812 13814 13816 13817 13818 13819 13864 13865 13866 13880 13881 13882 13912 13913 13914 13928 13929 13930 13934 13944 13945 13946 13950 13960 13961 13962 13964 13966 13970 13974 13976 13977 13978 13982 13984 13986 13990 13992 13996 13998 14022 14024 14026 14028 14030 14032 14034 14038 14042 14046 14050 14054 14056 14057 14058 14060 14064 14066 14070 14072 14073 14074 14076 14122 14138 14152 14154 14168 14170 14184 14186 14200 14202 14218 14224 14226 14232 14234 14242 14248 14250 14256 14258 14266 14282 14288 14290 14296 14298 14304 14306 14312 14314 14378 14379 14390 14394 14410 14414 14418 14424 14425 14426 14427 14430 14434 14435 14438 14439 14440 14441 14442 14444 14445 14446 14447 14450 14453 14454 14455 14456 14457 14458 14459 14460 14461 14462 14474 14479 14485 14486 14487 14490 14492 14494 14495 14499 14501 14502 14503 14505 14507 14508 14509 14510 14511 14519 14522 14527 14532 14533 14534 14535 14536 14537 14538 14539 14540 14541 14542 14543 14546 14549 14550 14551 14554 14556 14558 14559 14562 14563 14564 14565 14566 14567 14571 14572 14573 14574 14575 14578 14582 14583 14587 14589 14632 14633 14635 14638 14646 14650 14654 14666 14670 14672 14674 14678 14680 14681 14682 14683 14686 14688 14690 14691 14695 14696 14697 14698 14701 14702 14703 14704 14706 14707 14708 14711 14712 14713 14714 14715 14716 14717 14718 14730 14732 14734 14735 14741 14742 14743 14746 14750 14751 14756 14757 14758 14759 14761 14762 14763 14764 14765 14766 14767 14770 14773 14775 14778 14780 14782 14788 14789 14790 14791 14792 14793 14794 14795 14796 14797 14798 14799 14800 14802 14806 14807 14810 14812 14814 14815 14816 14818 14819 14820 14821 14822 14823 14827 14828 14829 14830 14831 14832 14834 14835 14836 14838 14839 14843 14888 14889 14894 14898 14902 14904 14905 14907 14910 14920 14922 14926 14928 14930 14934 14937 14938 14939 14942 14944 14946 14947 14949 14950 14952 14953 14954 14956 14957 14958 14959 14960 14962 14963 14964 14967 14968 14969 14970 14971 14972 14974 14984 14985 14987 14988 14989 14990 14991 14994 14998 14999 15000 15001 15002 15003 15004 15006 15014 15020 15023 15031 15032 15033 15035 15036 15037 15038 15039 15044 15045 15046 15047 15048 15049 15050 15051 15052 15053 15054 15055 15058 15059 15060 15062 15063 15064 15065 15066 15067 15068 15069 15070 15071 15072 15074 15075 15076 15077 15078 15079 15083 15084 15085 15086 15087 15088 15090 15091 15092 15093 15094 15095 15099 15100 15101 15145 15146 15147 15152 15154 15162 15184 15186 15192 15194 15195 15198 15216 15218 15219 15224 15225 15226 15227 15228 15230 15242 15248 15250 15258 15260 15262 15264 15266 15272 15273 15275 15276 15278 15280 15290 15304 15305 15306 15307 15308 15310 15312 15314 15322 15326 15330 15331 15339 15340 15342 15344 15346 15400 15401 15402 15416 15417 15418 15432 15433 15434 15448 15449 15456 15458 15462 15464 15466 15470 15472 15474 15478 15481 15482 15483 15486 15496 15497 15498 15499 15500 15501 15502 15503 15506 15507 15508 15511 15512 15513 15514 15515 15516 15517 15518 15519 15522 15523 15524 15526 15527 15528 15531 15532 15533 15534 15535 15538 15541 15543 15544 15545 15546 15547 15548 15549 15550 15551 15557 15558 15559 15560 15561 15562 15563 15564 15565 15566 15567 15568 15572 15574 15575 15576 15577 15578 15579 15580 15581 15582 15583 15584 15586 15587 15588 15589 15590 15591 15592 15593 15594 15595 15596 15597 15598 15599 15602 15603 15604 15606 15607 15608 15609 15610 15611 15612 15674 15712 15714 15718 15720 15721 15726 15728 15730 15734 15736 15738 15739 15742 15754 15760 15762 15766 15770 15772 15774 15776 15778 15779 15780 15784 15786 15787 15788 15790 15792 15794 15814 15816 15818 15819 15820 15822 15824 15830 15834 15836 15838 15844 15846 15848 15850 15851 15852 15854 15856 15858 15862 15912 15913 15914 15928 15929 15930 15944 15945 15946 15961 15962 15968 15970 15974 15976 15977 15978 15982 15984 15986 15990 15992 15993 15998 16008 16010 16011 16012 16014 16016 16018 16019 16020 16022 16025 16026 16027 16028 16030 16032 16034 16035 16036 16038 16040 16043 16044 16046 16048 16050 16051 16056 16058 16059 16060 16062 16068 16070 16072 16074 16076 16078 16080 16082 16086 16088 16090 16092 16094 16096 16102 16104 16106 16108 16110 16116 16118 16168 16184 16186 16216 16218 16224 16226 16232 16234 16240 16242

G3（1135 个）
17710 17711 17721 17722 17726 17740 17742 17752 17758 17768 17772 17774 17775 17784 17785 17786 17787 17788 17790 17803 17805 17806 17807 17810 17811 17814 17815 17819 17821 17822 17823 17827 17830 17831 17838 17839 17842 17847 17851 17853 17854 17855 17860 17862 17863 17867 17868 17869 17870 17871 17872 17874 17875 17878 17883 17884 17886 17887 17891 17892 17893 17895 17900 17901 17903 17907 17908 17911 17961 17965 17967 18008 18009 18010 18012 18013 18014 18015 18025 18029 18031 18040 18041 18042 18044 18045 18046 18061 18063 18064 18066 18068 18070 18071 18076 18077 18078 18079 18087 18095 18117 18119 18125 18127 18128 18130 18132 18134 18135 18140 18141 18142 18143 18149 18151 18157 18159 18164 18165 18167 18172 18173 18216 18218 18219 18220 18222 18233 18234 18236 18238 18248 18249 18250 18251 18252 18254 18264 18265 18266 18267 18268 18270 18280 18281 18282 18284 18286 18296 18297 18298 18299 18300 18302 18315 18316 18318 18320 18323 18324 18326 18331 18332 18334 18336 18338 18339 18340 18342 18347 18348 18350 18354 18356 18363 18364 18366 18372 18374 18379 18380 18382 18384 18386 18387 18388 18390 18395 18396 18398 18403 18404 18412 18735 18766 18782 18783 18803 18807 18813 18991 18994 18995 19006 19036 19038 19039 19047 19055 19059 19060 19068 19246 19247 19276 19278 19279 19280 19292 19294 19295 19316 19319 19324 19325 19497 19499 19501 19503 19507 19509 19511 19513 19514 19518 19519 19529 19531 19533 19535 19536 19538 19539 19540 19542 19543 19544 19545 19546 19548 19549 19550 19557 19559 19565 19567 19568 19570 19571 19572 19573 19574 19575 19579 19580 19581 19582 19597 19603 19613 19615 19661 19663 19671 19676 19677 19758 19762 19767 19770 19788 19790 19792 19806 19807 19808 19810 19812 19814 19815 19820 19822 19823 19824 19826 19827 19828 19830 19831 19835 19836 19837 19838 19855 19863 19871 19911 19916 19917 19919 19927 19932 20009 20011 20013 20015 20016 20018 20019 20020 20021 20023 20024 20025 20026 20028 20029 20030 20041 20043 20045 20047 20048 20050 20051 20052 20054 20055 20056 20057 20058 20059 20060 20062 20063 20069 20071 20077 20079 20080 20083 20084 20086 20087 20092 20094 20109 20111 20115 20116 20119 20124 20167 20173 20175 20179 20183 20188 20189 20191 20264 20267 20268 20270 20272 20274 20275 20276 20280 20281 20282 20284 20286 20296 20299 20300 20302 20304 20310 20312 20313 20314 20315 20316 20320 20322 20324 20326 20332 20334 20336 20338 20339 20340 20342 20364 20371 20372 20380 20420 20428 21038 21048 21049 21050 21051 21054 21070 21080 21086 21096 21100 21102 21103 21112 21115 21116 21132 21134 21144 21148 21176 21180 21182 21183 21188 21190 21191 21192 21196 21198 21199 21200 21208 21212 21214 21215 21216 21218 21219 21220 21222 21223 21228 21230 21231 21232 21234 21235 21236 21238 21239 21243 21244 21288 21294 21304 21305 21306 21307 21310 21320 21326 21336 21342 21352 21356 21358 21368 21369 21370 21371 21372 21374 21384 21385 21386 21387 21388 21390 21392 21394 21395 21396 21398 21400 21401 21402 21403 21404 21406 21408 21410 21411 21412 21414 21416 21422 21424 21426 21427 21432 21433 21434 21435 21436 21438 21444 21446 21448 21451 21452 21454 21456 21462 21464 21465 21466 21467 21468 21470 21472 21474 21475 21476 21478 21483 21484 21486 21488 21494 21550 21560 21561 21562 21566 21582 21592 21598 21612 21614 21615 21624 21627 21628 21644 21646 21656 21660 21680 21688 21692 21694 21700 21702 21703 21704 21708 21710 21712 21720 21724 21726 21728 21730 21731 21732 21734 21740 21742 21744 21750 21816 21902 21916 21918 21948 21958 21964 21966 21986 21987 21988 21990 21996 22002 22003 22056 22062 22073 22074 22110 22120 22124 22126 22137 22138 22139 22140 22142 22152 22156 22158 22160 22168 22172 22174 22204 22212 22214 22216 22220 22222 22224 22236 22242 22244 22246 22252 22256 22258 22260 22268 22312 22328 22330 22376 22392 22408 22410 22416 22418 22424 22426 22432 22448 22450 22456 22472 22474 22480 22482 22488 22496 22498 22569 22570 22573 22574 22575 22578 22579 22581 22582 22583 22585 22587 22589 22590 22600 22602 22603 22604 22605 22606 22607 22608 22610 22611 22612 22617 22618 22619 22620 22621 22622 22623 22626 22627 22628 22630 22632 22633 22634 22635 22636 22637 22638 22639 22640 22642 22643 22644 22647 22648 22649 22650 22651 22652 22653 22654 22667 22669 22670 22671 22674 22675 22678 22679 22683 22685 22686 22687 22724 22725 22726 22727 22731 22732 22733 22734 22735 22738 22739 22740 22742 22743 22747 22748 22749 22750 22751 22830 22831 22834 22838 22839 22841 22842 22845 22846 22847 22856 22860 22862 22863 22864 22876 22878 22879 22882 22883 22884 22886 22892 22894 22895 22896 22898 22899 22900 22904 22905 22906 22907 22908 22909 22910 22923 22925 22926 22927 22930 22931 22935 22939 22941 22942 22943 22980 22981 22982 22983 22987 22988 22989 22990 22991 22992 22994 22995 22996 22998 22999 23003 23004 23005 23006 23007 23080 23084 23086 23087 23088 23090 23091 23092 23094 23095 23096 23097 23098 23099 23101 23102 23112 23116 23118 23119 23128 23132 23134 23136 23138 23139 23140 23142 23143 23144 23148 23150 23151 23152 23154 23155 23156 23158 23161 23162 23163 23164 23165 23166 23180 23182 23183 23196 23198 23199 23236 23238 23239 23244 23246 23247 23248 23260 23336 23340 23344 23346 23347 23352 23353 23354 23355 23356 23358 23368 23374 23376 23388 23394 23398 23404 23411 23412 23416 23420 23435 23436 23438 23440 23442 23443 23444 23446 23451 23452 23454 23494 23499 23500 23502 23504 23506 23508 23516 23592 23593 23594 23595 23598 23600 23602 23606 23608 23609 23611 23624 23625 23626 23627 23630 23632 23634 23638 23640 23641 23642 23643 23646 23648 23650 23651 23652 23653 23654 23655 23656 23657 23658 23660 23661 23662 23663 23664 23666 23667 23668 23670 23671 23672 23673 23675 23676 23677 23678 23688 23690 23691 23692 23693 23694 23695 23696 23698 23699 23700 23702 23705 23706 23707 23708 23709 23710 23711 23751 23752 23753 23754 23755 23756 23757 23758 23759 23762 23763 23766 23767 23768 23769 23770 23771 23772 23773 23774 23775 23848 23854 23856 23858 23862 23864 23865 23866 23867 23870 23880 23906 23907 23908 23910 23912 23920 23922 23923 23928 23929 23932 23944 23945 23947 23948 23950 23952 23954 23955 23956 23958 23960 23962 23963 23964 23966 24004 24008 24011 24012 24014 24016 24018 24019 24028 24104 24105 24106 24107 24110 24112 24114 24118 24121 24122 24123 24126 24136 24137 24138 24139 24142 24144 24146 24150 24152 24153 24154 24155 24160 24162 24163 24164 24166 24168 24169 24170 24171 24172 24174 24176 24178 24179 24180 24182 24184 24185 24187 24190 24200 24201 24202 24204 24206 24208 24210 24211 24212 24214 24216 24217 24219 24220 24222 24260 24262 24264 24266 24268 24270 24272 24274 24275 24276 24280 24284 24362 24368 24370 24376 24378 24392 24394 24402 24408 24416 24418 24424 24432 24434 24456 24458 24464 24466 24472 24474

G4（1418 个）
25384 25385 25386 25388 25389 25390 25391 25400 25401 25402 25404 25405 25406 25407 25432 25433 25434 25436 25437 25438 25439 25448 25449 25450 25452 25453 25454 25455 25464 25465 25466 25468 25469 25470 25484 25485 25486 25487 25506 25507 25509 25510 25511 25516 25517 25518 25519 25541 25543 25548 25549 25550 25551 25552 25554 25555 25557 25558 25559 25564 25565 25566 25567 25571 25573 25575 25580 25581 25583 25587 25589 25591 25900 25902 25903 25913 25914 25916 25917 25918 25919 25928 25932 25934 25935 25948 25950 25951 25960 25964 25966 25967 25976 25977 25978 25979 25980 25981 25982 25995 25996 25997 25998 26000 26003 26004 26006 26007 26011 26012 26013 26014 26015 26016 26018 26019 26020 26023 26028 26030 26031 26034 26038 26039 26043 26044 26045 26046 26047 26052 26053 26054 26055 26059 26060 26061 26062 26063 26064 26066 26067 26068 26070 26071 26075 26076 26077 26078 26079 26083 26084 26085 26087 26092 26093 26095 26099 26100 26101 26103 26153 26155 26157 26159 26170 26172 26173 26175 26200 26201 26202 26203 26204 26205 26206 26207 26217 26219 26221 26223 26232 26233 26234 26235 26236 26237 26238 26251 26253 26255 26256 26258 26260 26262 26263 26267 26268 26269 26270 26271 26279 26287 26288 26290 26294 26295 26299 26300 26301 26302 26303 26309 26311 26315 26317 26319 26320 26322 26324 26326 26327 26331 26332 26333 26334 26335 26341 26343 26349 26351 26356 26357 26359 26364 26365 26408 26409 26412 26414 26424 26425 26428 26430 26442 26444 26446 26457 26458 26459 26462 26472 26473 26474 26475 26476 26478 26488 26489 26490 26491 26492 26494 26507 26508 26510 26512 26514 26515 26518 26523 26524 26526 26528 26530 26532 26534 26539 26540 26542 26544 26550 26555 26556 26558 26564 26566 26571 26572 26574 26578 26579 26580 26582 26587 26588 26590 26595 26596 26604 26926 26927 26930 26931 26934 26935 26941 26942 26943 26956 26958 26959 26960 26972 26974 26975 26979 26980 26983 26988 26991 26995 26996 27004 27005 27183 27186 27187 27190 27191 27196 27198 27199 27215 27228 27230 27231 27235 27239 27247 27251 27252 27255 27260 27436 27438 27472 27495 27500 27516 27689 27691 27693 27695 27698 27699 27701 27703 27704 27705 27706 27708 27709 27710 27725 27727 27728 27730 27731 27732 27734 27735 27736 27737 27738 27739 27740 27742 27743 27747 27749 27751 27755 27757 27759 27760 27762 27763 27764 27765 27766 27767 27772 27773 27774 27789 27791 27795 27796 27804 27805 27807 27853 27855 27859 27860 27863 27868 27869 27871 27944 27948 27950 27951 27952 27954 27955 27958 27959 27960 27961 27962 27964 27965 27966 27967 27976 27980 27982 27984 27996 28002 28003 28004 28006 28007 28012 28016 28018 28019 28020 28044 28045 28047 28051 28052 28055 28060 28061 28063 28100 28101 28108 28109 28111 28115 28116 28201 28203 28205 28207 28208 28210 28211 28213 28214 28215 28216 28217 28218 28220 28221 28222 28233 28237 28239 28240 28242 28243 28244 28246 28261 28263 28267 28269 28271 28272 28274 28275 28276 28277 28279 28283 28284 28286 28301 28303 28307 28308 28311 28316 28317 28319 28357 28359 28365 28367 28371 28372 28456 28457 28458 28459 28460 28462 28464 28466 28467 28470 28472 28473 28474 28476 28478 28488 28489 28490 28492 28494 28496 28498 28499 28500 28504 28505 28508 28512 28514 28515 28516 28518 28524 28528 28530 28531 28532 28556 28563 28564 28612 28620 28627 28628 29225 29226 29227 29228 29229 29230 29231 29243 29244 29245 29246 29247 29256 29257 29258 29259 29260 29261 29263 29272 29273 29274 29275 29276 29277 29278 29279 29288 29289 29290 29291 29292 29293 29294 29295 29304 29305 29306 29307 29308 29309 29310 29323 29324 29325 29326 29327 29330 29331 29332 29334 29335 29339 29340 29341 29342 29343 29344 29346 29347 29348 29350 29351 29356 29358 29359 29360 29362 29363 29364 29366 29367 29371 29372 29373 29374 29375 29380 29381 29382 29383 29388 29389 29390 29391 29392 29394 29395 29396 29398 29399 29403 29405 29406 29407 29411 29412 29413 29415 29420 29423 29427 29428 29429 29431 29436 29437 29481 29482 29483 29484 29486 29497 29498 29499 29500 29502 29512 29513 29514 29516 29518 29528 29529 29530 29531 29532 29534 29544 29545 29546 29548 29550 29560 29561 29562 29563 29564 29566 29579 29580 29582 29586 29587 29588 29590 29595 29596 29598 29602 29603 29604 29606 29611 29612 29614 29616 29618 29619 29627 29628 29630 29636 29638 29643 29644 29648 29650 29651 29652 29654 29659 29660 29662 29667 29668 29676 29683 29684 29736 29738 29739 29740 29741 29743 29753 29754 29756 29757 29758 29759 29769 29770 29771 29772 29773 29774 29775 29784 29785 29786 29787 29790 29791 29800 29801 29802 29804 29805 29806 29807 29816 29817 29818 29819 29820 29821 29822 29835 29836 29837 29838 29839 29840 29843 29844 29846 29847 29851 29852 29853 29854 29855 29856 29858 29859 29860 29862 29863 29868 29870 29871 29874 29876 29883 29884 29885 29886 29892 29893 29894 29895 29900 29901 29902 29903 29904 29906 29907 29908 29910 29911 29915 29916 29917 29918 29919 29923 29924 29925 29927 29932 29933 29935 29939 29940 29943 29948 29992 30008 30010 30011 30012 30014 30028 30030 30056 30060 30072 30073 30076 30091 30092 30094 30096 30098 30100 30102 30107 30108 30110 30112 30115 30116 30118 30124 30128 30130 30131 30132 30140 30148 30150 30155 30156 30158 30160 30162 30163 30172 30179 30180 30188 30195 30196 30248 30249 30250 30252 30254 30264 30268 30297 30298 30300 30302 30313 30314 30316 30328 30329 30330 30332 30334 30347 30348 30350 30352 30354 30358 30363 30364 30366 30368 30370 30372 30374 30380 30384 30396 30404 30406 30412 30414 30418 30420 30436 30444 30452 30460 30504 30506 30520 30522 30536 30552 30608 30610 30640 30642 30672 30674 30760 30761 30762 30763 30764 30766 30767 30770 30771 30772 30773 30774 30775 30776 30777 30778 30779 30781 30782 30792 30793 30794 30796 30797 30798 30799 30800 30802 30803 30804 30805 30806 30807 30808 30811 30812 30813 30814 30815 30816 30818 30819 30822 30823 30827 30828 30829 30830 30831 30832 30834 30835 30836 30837 30838 30843 30844 30845 30846 30860 30861 30863 30867 30876 30877 30879 30916 30917 30919 30924 30925 30927 30931 30932 30933 30935 30940 30941 30943 31016 31017 31018 31019 31020 31021 31023 31024 31026 31027 31028 31029 31030 31031 31032 31033 31034 31035 31036 31038 31039 31048 31049 31050 31051 31053 31054 31055 31056 31058 31059 31060 31062 31063 31064 31065 31066 31068 31069 31070 31071 31072 31074 31075 31076 31077 31078 31079 31083 31084 31085 31086 31087 31088 31090 31091 31092 31093 31095 31099 31100 31101 31102 31116 31117 31119 31123 31124 31125 31132 31133 31135 31173 31175 31180 31181 31183 31188 31191 31196 31197 31272 31273 31274 31275 31276 31277 31278 31280 31282 31283 31284 31285 31286 31287 31288 31289 31290 31291 31292 31293 31295 31304 31305 31306 31307 31308 31310 31311 31312 31314 31315 31316 31318 31319 31321 31322 31323 31325 31327 31331 31332 31333 31334 31335 31340 31341 31342 31343 31344 31346 31347 31348 31350 31351 31355 31356 31358 31372 31373 31375 31379 31380 31388 31452 31528 31529 31530 31531 31532 31534 31536 31538 31539 31544 31545 31546 31547 31548 31550 31560 31561 31562 31563 31564 31568 31570 31571 31572 31576 31577 31580 31584 31586 31590 31600 31602 31603 31604 31612 31628 31635 31636 31644 31692 31699 31700 31708 31784 31785 31786 31787 31788 31789 31790 31791 31792 31794 31795 31796 31797 31798 31799 31800 31801 31802 31803 31804 31805 31816 31817 31818 31819 31820 31821 31822 31824 31826 31827 31828 31830 31831 31832 31833 31834 31835 31836 31837 31839 31840 31842 31843 31844 31845 31846 31847 31848 31849 31850 31851 31852 31854 31855 31856 31858 31859 31860 31861 31862 31863 31864 31865 31866 31867 31869 31870 31884 31885 31886 31887 31888 31890 31891 31892 31894 31895 31899 31900 31901 31902 31903 31940 31941 31947 31948 31949 31950 31951 31952 31954 31955 31956 31963 31964 31965 31966 31967 32043 32044 32046 32048 32050 32051 32052 32054 32056 32057 32058 32059 32060 32062 32072 32076 32078 32080 32088 32089 32092 32096 32098 32099 32100 32102 32104 32105 32108 32112 32114 32115 32116 32120 32121 32124 32139 32142 32144 32146 32147 32148 32150 32156 32158 32196 32198 32203 32204 32206 32208 32210 32211 32212 32220 32296 32297 32298 32299 32300 32302 32304 32306 32307 32308 32310 32312 32313 32314 32315 32316 32318 32328 32329 32330 32332 32334 32336 32338 32342 32344 32345 32346 32348 32350 32352 32354 32356 32358 32360 32361 32362 32364 32366 32370 32372 32374 32376 32377 32378 32380 32395 32396 32398 32402 32403 32404 32406 32411 32414 32452 32454 32460 32462 32464 32466 32468 32476

G5（1700 个）
33578 33579 33590 33594 33618 33624 33625 33626 33627 33630 33634 33635 33638 33639 33640 33641 33642 33644 33645 33646 33647 33650 33651 33653 33655 33656 33657 33658 33659 33661 33662 33674 33679 33685 33686 33687 33690 33692 33694 33695 33698 33699 33700 33701 33702 33703 33704 33707 33708 33709 33710 33711 33714 33719 33727 33732 33733 33734 33735 33736 33737 33738 33740 33741 33742 33743 33746 33749 33750 33751 33754 33758 33759 33762 33763 33764 33765 33766 33767 33771 33772 33774 33775 33778 33782 33783 34107 34110 34123 34126 34139 34142 34146 34148 34149 34150 34153 34155 34156 34157 34158 34159 34160 34162 34163 34164 34165 34167 34168 34169 34170 34171 34172 34173 34174 34184 34185 34186 34187 34188 34189 34190 34191 34192 34194 34195 34197 34198 34199 34201 34202 34203 34204 34205 34206 34207 34208 34210 34212 34213 34214 34215 34216 34217 34219 34220 34221 34222 34223 34227 34228 34229 34230 34231 34232 34233 34234 34235 34236 34237 34238 34239 34244 34245 34246 34247 34248 34249 34250 34251 34252 34253 34254 34255 34258 34259 34260 34261 34262 34263 34264 34265 34266 34267 34268 34269 34270 34271 34274 34275 34276 34277 34278 34279 34283 34284 34285 34286 34287 34288 34290 34291 34292 34293 34294 34295 34299 34345 34347 34358 34360 34361 34384 34390 34394 34395 34398 34405 34411 34413 34415 34416 34418 34420 34421 34422 34425 34426 34427 34428 34429 34430 34441 34443 34445 34447 34448 34450 34452 34454 34455 34456 34457 34458 34459 34460 34461 34462 34463 34469 34471 34473 34475 34477 34479 34480 34482 34485 34486 34487 34488 34489 34490 34491 34492 34493 34494 34495 34501 34503 34505 34507 34509 34511 34512 34514 34516 34517 34518 34519 34520 34521 34522 34523 34524 34525 34526 34527 34533 34535 34539 34541 34543 34544 34546 34548 34549 34550 34551 34555 34556 34557 34601 34602 34603 34608 34614 34617 34618 34619 34632 34633 34646 34648 34649 34651 34654 34656 34658 34660 34662 34666 34667 34668 34670 34672 34674 34675 34676 34678 34682 34683 34684 34686 34697 34698 34699 34704 34706 34707 34708 34712 34713 34714 34715 34716 34718 34720 34722 34723 34724 34726 34728 34729 34730 34731 34732 34734 34736 34738 34742 34745 34746 34747 34756 34758 34760 34761 34762 34763 34764 34766 34768 34771 34772 34774 34777 34778 34779 34780 34782 34786 34787 34788 34790 34795 34796 34798 35115 35117 35118 35122 35125 35126 35127 35130 35135 35148 35150 35151 35155 35159 35160 35161 35163 35165 35166 35167 35168 35170 35171 35172 35173 35174 35175 35180 35181 35182 35183 35186 35187 35188 35189 35191 35195 35196 35197 35198 35215 35221 35231 35235 35237 35245 35247 35253 35255 35263 35268 35271 35276 35277 35279 35287 35292 35295 35373 35375 35378 35379 35380 35381 35382 35383 35384 35385 35387 35388 35389 35390 35403 35405 35407 35411 35415 35416 35417 35419 35420 35422 35423 35427 35429 35431 35435 35437 35439 35440 35442 35443 35444 35446 35447 35452 35454 35469 35471 35475 35479 35484 35507 35516 35517 35519 35525 35527 35533 35535 35539 35543 35548 35549 35551 35625 35627 35629 35631 35632 35634 35660 35662 35664 35667 35671 35672 35673 35675 35676 35677 35679 35680 35682 35685 35686 35687 35691 35692 35694 35727 35733 35735 35740 35743 35747 35748 35749 35751 35756 35757 35759 35780 35781 35788 35789 35791 35797 35799 35804 35881 35883 35885 35887 35890 35891 35892 35893 35894 35895 35896 35897 35898 35900 35901 35902 35903 35913 35915 35917 35919 35920 35922 35923 35924 35925 35926 35927 35928 35929 35930 35931 35932 35933 35934 35939 35941 35943 35945 35947 35949 35951 35952 35954 35955 35956 35957 35958 35959 35960 35961 35962 35963 35964 35966 35979 35981 35983 35986 35987 35988 35990 35991 35996 35997 36003 36005 36007 36011 36013 36018 36019 36020 36021 36023 36027 36028 36029 36030 36031 36037 36043 36045 36047 36048 36050 36051 36052 36053 36054 36059 36060 36061 36062 36063 36067 36069 36071 36077 36079 36083 36084 36087 36092 36093 36137 36139 36141 36143 36144 36146 36150 36151 36154 36159 36172 36174 36175 36176 36179 36183 36184 36185 36187 36188 36189 36190 36191 36192 36194 36195 36196 36197 36198 36199 36200 36201 36203 36204 36205 36206 36208 36210 36211 36212 36213 36214 36215 36216 36217 36218 36219 36220 36221 36239 36240 36242 36245 36246 36247 36254 36255 36256 36258 36259 36260 36261 36262 36263 36268 36269 36270 36271 36274 36278 36279 36292 36293 36294 36295 36299 36300 36301 36302 36303 36304 36306 36309 36310 36316 36318 36319 36323 36324 36325 36332 36333 36343 36393 36395 36397 36399 36400 36402 36403 36404 36405 36406 36425 36427 36429 36431 36432 36434 36435 36436 36438 36439 36440 36441 36442 36443 36444 36445 36446 36447 36451 36453 36455 36457 36459 36461 36463 36464 36466 36467 36468 36469 36470 36471 36472 36473 36474 36475 36476 36477 36478 36491 36493 36495 36496 36498 36499 36500 36502 36503 36507 36508 36510 36511 36515 36519 36525 36527 36528 36530 36531 36532 36533 36534 36535 36541 36542 36543 36549 36551 36557 36559 36560 36562 36563 36564 36565 36566 36567 36571 36572 36573 36574 36579 36581 36589 36595 36596 36597 36648 36649 36650 36651 36652 36654 36656 36658 36659 36660 36662 36664 36665 36666 36667 36668 36670 36680 36681 36682 36683 36684 36686 36688 36690 36691 36692 36694 36696 36697 36698 36699 36700 36702 36704 36706 36707 36708 36710 36712 36713 36714 36715 36716 36718 36722 36723 36724 36726 36747 36748 36750 36752 36754 36755 36756 36758 36763 36764 36768 36770 36771 36772 36774 36779 36780 36782 36784 36786 36787 36788 36790 36804 36806 36812 36814 36818 36819 36820 36822 37434 37464 37465 37474 37478 37480 37481 37483 37490 37494 37496 37497 37498 37499 37502 37515 37516 37517 37518 37519 37523 37527 37528 37529 37531 37532 37534 37539 37551 37555 37559 37560 37561 37563 37564 37565 37566 37567 37572 37573 37574 37575 37576 37577 37579 37580 37581 37582 37583 37584 37587 37591 37592 37593 37595 37597 37598 37599 37602 37603 37604 37605 37606 37607 37608 37609 37611 37612 37613 37614 37615 37616 37618 37619 37621 37622 37623 37624 37625 37626 37627 37628 37629 37720 37721 37728 37730 37736 37737 37746 37750 37752 37753 37754 37758 37770 37776 37778 37782 37786 37788 37790 37792 37795 37796 37804 37806 37808 37810 37818 37828 37830 37832 37834 37836 37838 37840 37842 37846 37850 37852 37854 37856 37858 37859 37860 37862 37864 37868 37870 37872 37874 37878 37984 37986 37990 37992 37993 38000 38002 38008 38009 38010 38011 38014 38028 38030 38031 38039 38044 38046 38063 38064 38071 38076 38078 38079 38084 38085 38086 38087 38088 38089 38092 38093 38094 38095 38103 38110 38111 38112 38114 38115 38116 38118 38119 38120 38123 38124 38126 38127 38128 38130 38131 38132 38134 38135 38136 38139 38140 38200 38256 38264 38265 38267 38270 38281 38283 38284 38286 38288 38291 38296 38297 38299 38300 38302 38307 38320 38328 38329 38331 38332 38334 38340 38342 38344 38345 38347 38348 38350 38352 38355 38360 38361 38363 38364 38366 38370 38371 38372 38374 38376 38377 38379 38380 38382 38384 38386 38387 38388 38390 38392 38394 38395 38440 38441 38456 38457 38458 38488 38496 38502 38510 38512 38518 38526 38536 38537 38539 38540 38542 38544 38552 38553 38556 38558 38560 38576 38584 38585 38587 38588 38590 38596 38598 38600 38601 38604 38606 38608 38616 38617 38622 38626 38628 38630 38632 38638 38642 38644 38646 38648 38649 38650 38652 38714 38728 38744 38752 38768 38770 38794 38800 38802 38816 38818 38824 38832 38834 38842 38856 38858 38864 38866 38872 38874 38890 38953 38954 38955 38966 38970 38992 39001 39002 39006 39008 39010 39012 39014 39015 39016 39017 39018 39020 39021 39022 39023 39024 39026 39027 39028 39029 39031 39032 39035 39036 39037 39038 39055 39058 39061 39062 39063 39066 39068 39070 39071 39074 39075 39076 39077 39078 39080 39081 39083 39084 39085 39086 39087 39090 39098 39103 39108 39110 39111 39112 39114 39115 39116 39117 39118 39120 39125 39126 39127 39130 39132 39134 39135 39136 39138 39140 39141 39142 39143 39147 39148 39149 39150 39151 39152 39158 39159 39163 39165 39208 39209 39211 39214 39216 39218 39222 39226 39230 39248 39256 39259 39262 39264 39266 39267 39268 39277 39278 39279 39280 39282 39285 39287 39288 39289 39290 39292 39293 39294 39308 39310 39314 39317 39318 39319 39328 39330 39331 39332 39333 39334 39344 39346 39349 39350 39367 39368 39376 39378 39382 39383 39392 39394 39395 39397 39398 39399 39408 39410 39412 39414 39415 39464 39465 39467 39470 39472 39474 39478 39482 39483 39486 39496 39497 39502 39504 39512 39515 39520 39522 39523 39524 39525 39526 39527 39528 39529 39531 39532 39534 39535 39536 39538 39539 39540 39542 39543 39544 39545 39546 39550 39560 39561 39564 39565 39566 39567 39568 39571 39575 39576 39584 39587 39603 39607 39620 39621 39622 39624 39632 39635 39639 39640 39648 39650 39651 39652 39654 39655 39664 39666 39667 39669 39670 39671 39721 39723 39728 39730 39738 39758 39760 39768 39771 39774 39776 39782 39784 39785 39794 39795 39800 39801 39802 39803 39804 39806 39818 39824 39826 39830 39840 39842 39843 39844 39846 39848 39856 39858 39862 39876 39890 39894 39904 39906 39907 39908 39920 39922 39926 39992 40008 40009 40010 40024 40025 40026 40032 40034 40038 40040 40041 40042 40043 40046 40048 40050 40054 40056 40057 40058 40059 40072 40073 40074 40075 40076 40078 40079 40080 40082 40083 40084 40086 40087 40088 40096 40098 40099 40100 40102 40103 40104 40112 40114 40115 40116 40117 40118 40119 40120 40132 40133 40134 40135 40144 40146 40147 40148 40150 40151 40160 40162 40163 40164 40165 40166 40168 40176 40178 40179 40180 40183 40184 40250 40280 40281 40288 40290 40294 40296 40297 40299 40302 40304 40306 40330 40336 40338 40342 40352 40354 40355 40356 40358 40360 40368 40370 40374 40388 40390 40392 40406 40416 40418 40419 40420 40422 40432 40434 40438 40488 40489 40490 40504 40505 40506 40520 40521 40522 40536 40537 40538 40544 40546 40550 40552 40553 40554 40558 40562 40566 40568 40570 40574 40584 40585 40586 40587 40588 40590 40592 40594 40595 40596 40598 40600 40608 40610 40611 40612 40614 40616 40624 40626 40627 40628 40630 40632 40644 40646 40648 40656 40676 40678 40688 40690 40692 40694 40744 40760 40762 40776 40792 40794 40802 40808 40810 40818 40840 40842 40848 40850 40856 40864 40866 40872 40880 40882

G6（0 个）


G7（1377 个）
49960 49961 49962 49963 49974 49992 50006 50008 50009 50011 50016 50018 50022 50023 50024 50029 50030 50032 50034 50035 50036 50037 50038 50039 50041 50042 50043 50044 50045 50046 50058 50059 50060 50061 50064 50066 50067 50071 50072 50073 50078 50079 50080 50082 50083 50084 50086 50087 50088 50089 50090 50091 50092 50093 50094 50095 50096 50098 50099 50101 50103 50104 50105 50106 50107 50108 50109 50110 50111 50116 50117 50118 50119 50120 50121 50122 50123 50124 50125 50126 50128 50131 50132 50133 50134 50135 50136 50137 50138 50139 50140 50141 50142 50146 50147 50148 50149 50150 50151 50155 50156 50157 50158 50162 50163 50164 50165 50166 50167 50472 50473 50475 50488 50489 50490 50491 50504 50505 50507 50521 50534 50535 50536 50537 50541 50544 50550 50551 50552 50553 50555 50556 50557 50558 50568 50570 50571 50572 50573 50574 50575 50576 50578 50579 50580 50581 50582 50583 50585 50586 50587 50588 50589 50590 50591 50592 50594 50596 50597 50598 50600 50601 50603 50604 50605 50606 50607 50608 50610 50611 50612 50613 50615 50616 50617 50618 50619 50620 50621 50622 50623 50628 50630 50631 50632 50633 50634 50635 50636 50637 50638 50640 50642 50643 50646 50647 50648 50649 50650 50651 50652 50653 50654 50656 50658 50660 50661 50662 50663 50667 50668 50669 50670 50672 50675 50676 50677 50678 50679 50683 50729 50731 50776 50777 50778 50779 50791 50793 50800 50806 50807 50808 50809 50810 50813 50825 50827 50829 50832 50834 50836 50837 50838 50839 50840 50842 50843 50844 50845 50847 50853 50855 50857 50859 50861 50863 50864 50866 50869 50870 50872 50873 50874 50875 50876 50877 50879 50885 50887 50889 50891 50893 50896 50898 50900 50902 50903 50904 50905 50906 50907 50908 50909 50917 50919 50923 50925 50928 50930 50932 50933 50934 50935 50939 50940 50941 50984 50985 50986 50987 51001 51002 51016 51017 51040 51046 51048 51049 51050 51056 51064 51065 51066 51080 51081 51082 51088 51094 51097 51099 51100 51102 51104 51106 51107 51110 51112 51114 51115 51116 51118 51122 51123 51126 51129 51131 51132 51134 51142 51144 51145 51146 51148 51152 51154 51155 51160 51161 51162 51170 51174 51180 51497 51499 51501 51509 51510 51511 51513 51514 51531 51536 51543 51544 51545 51547 51548 51552 51554 51556 51557 51558 51559 51563 51564 51565 51568 51570 51571 51573 51575 51579 51580 51581 51599 51605 51607 51652 51653 51655 51667 51668 51671 51753 51760 51762 51764 51765 51766 51767 51768 51769 51770 51771 51772 51773 51785 51787 51792 51800 51801 51803 51804 51805 51811 51813 51815 51819 51821 51824 51826 51827 51828 51830 51831 51835 51836 51853 51855 51859 51863 51909 51911 51923 51927 52008 52009 52011 52012 52013 52014 52015 52016 52018 52019 52021 52023 52024 52025 52026 52027 52028 52029 52040 52041 52043 52044 52045 52048 52051 52055 52057 52059 52060 52061 52062 52064 52066 52069 52070 52071 52075 52076 52077 52078 52082 52083 52084 52085 52086 52087 52091 52092 52093 52094 52108 52109 52115 52117 52119 52164 52165 52167 52180 52181 52183 52265 52267 52269 52271 52272 52274 52276 52277 52278 52279 52280 52281 52282 52283 52284 52285 52287 52297 52299 52301 52304 52306 52307 52309 52310 52311 52312 52314 52315 52316 52317 52318 52319 52323 52327 52329 52331 52333 52335 52336 52338 52344 52345 52346 52347 52348 52349 52350 52363 52365 52367 52368 52370 52371 52372 52373 52374 52375 52421 52423 52432 52434 52435 52436 52437 52438 52439 52520 52521 52523 52524 52525 52526 52527 52528 52530 52531 52532 52533 52534 52535 52536 52537 52538 52539 52540 52541 52543 52552 52553 52555 52556 52557 52558 52563 52567 52568 52569 52571 52572 52573 52574 52576 52578 52579 52580 52581 52582 52583 52584 52585 52587 52588 52589 52590 52592 52594 52595 52596 52597 52598 52599 52600 52601 52602 52603 52604 52605 52606 52619 52620 52621 52622 52623 52624 52626 52627 52628 52629 52630 52631 52676 52677 52678 52679 52688 52690 52691 52692 52693 52694 52695 52777 52779 52781 52783 52784 52786 52787 52788 52789 52790 52791 52792 52793 52794 52795 52796 52797 52799 52809 52811 52813 52816 52818 52819 52823 52824 52825 52826 52828 52829 52830 52835 52837 52839 52841 52843 52845 52848 52850 52852 52853 52854 52855 52856 52857 52858 52859 52860 52861 52862 52875 52877 52879 52880 52882 52883 52884 52886 52887 52933 52935 52944 52946 52947 52948 52949 52950 52951 53032 53033 53034 53035 53036 53038 53042 53043 53044 53046 53048 53049 53050 53051 53052 53064 53065 53066 53068 53072 53074 53075 53078 53080 53081 53082 53088 53090 53091 53092 53094 53096 53097 53098 53100 53104 53106 53107 53108 53110 53131 53132 53134 53136 53138 53139 53140 53142 53188 53190 53200 53202 53203 53206 53800 53801 53816 53817 53818 53832 53848 53849 53856 53858 53862 53864 53867 53870 53872 53874 53878 53881 53882 53883 53886 53896 53897 53900 53901 53902 53903 53904 53907 53911 53912 53913 53915 53916 53918 53920 53923 53935 53936 53939 53943 53944 53947 53948 53949 53950 53951 53956 53957 53958 53959 53960 53961 53963 53964 53965 53966 53968 53971 53975 53976 53977 53979 53980 53981 53982 53984 53986 53987 53988 53990 53991 53992 53993 53995 53996 53997 54002 54003 54004 54005 54006 54007 54008 54009 54010 54011 54012 54013 54056 54057 54074 54104 54105 54114 54118 54121 54128 54130 54134 54136 54138 54154 54156 54158 54160 54162 54166 54170 54172 54174 54176 54178 54179 54184 54187 54188 54190 54192 54194 54202 54204 54206 54214 54216 54217 54218 54220 54224 54226 54230 54234 54236 54240 54243 54244 54246 54248 54252 54256 54258 54259 54260 54262 54312 54313 54330 54360 54361 54368 54370 54374 54376 54377 54384 54386 54390 54392 54393 54395 54398 54412 54414 54415 54416 54423 54428 54430 54435 54447 54448 54455 54460 54462 54463 54468 54470 54471 54472 54473 54475 54476 54477 54478 54480 54487 54492 54494 54496 54498 54500 54502 54503 54504 54507 54508 54509 54510 54512 54515 54516 54518 54519 54520 54523 54524 54584 54648 54649 54664 54667 54668 54670 54672 54675 54680 54683 54684 54686 54688 54691 54707 54712 54713 54716 54724 54728 54729 54732 54736 54739 54744 54745 54748 54752 54754 54758 54760 54761 54764 54768 54770 54772 54776 54777 54824 54825 54840 54841 54842 54872 54873 54880 54886 54888 54896 54902 54904 54905 54906 54920 54921 54924 54928 54936 54937 54939 54940 54942 54944 54969 54972 54980 54982 54984 54992 55000 55004 55008 55010 55012 55014 55016 55017 55020 55024 55026 55032 55033 55036 55096 55128 55136 55144 55152 55154 55160 55176 55178 55184 55186 55192 55194 55202 55208 55216 55218 55248 55250 55256 55264 55266 55272 55336 55337 55338 55339 55344 55350 55354 55376 55382 55384 55385 55386 55408 55410 55411 55412 55415 55416 55417 55418 55419 55420 55434 55442 55446 55447 55450 55454 55492 55494 55495 55496 55498 55500 55501 55502 55504 55506 55510 55511 55514 55518 55592 55593 55595 55600 55602 55606 55610 55632 55640 55641 55643 55648 55650 55651 55652 55655 55656 55657 55659 55660 55664 55666 55667 55668 55671 55672 55673 55674 55675 55676 55677 55690 55698 55701 55702 55703 55748 55749 55750 55751 55752 55760 55762 55765 55766 55767 55848 55849 55851 55856 55858 55862 55864 55865 55866 55867 55880 55883 55896 55904 55906 55907 55908 55910 55912 55913 55915 55916 55917 55920 55922 55923 55925 55926 55927 55928 55929 55930 55931 55932 55933 55934 55944 55945 55947 55948 55949 55950 55952 55955 55959 55960 56004 56005 56006 56007 56008 56016 56019 56024 56104 56107 56110 56122 56144 56152 56162 56166 56172 56178 56179 56180 56185 56188 56202 56204 56206 56208 56210 56214 56260 56262 56264 56272 56274 56360 56361 56362 56376 56377 56378 56392 56393 56394 56408 56409 56410 56416 56418 56422 56424 56426 56427 56430 56432 56434 56438 56440 56441 56442 56443 56456 56457 56458 56459 56460 56461 56462 56464 56466 56467 56468 56469 56470 56471 56472 56516 56517 56518 56519 56520 56528 56530 56531 56532 56533 56534 56535 56536 56616 56634 56664 56665 56672 56674 56678 56680 56681 56688 56690 56696 56697 56714 56716 56718 56720 56722 56726 56772 56774 56776 56872 56873 56874 56890 56904 56905 56906 56920 56921 56922 56928 56930 56934 56936 56937 56938 56944 56946 56950 56952 56953 56954 56970 56971 56972 56974 56976 56980 56982 56984 57028 57030 57032 57042 57044 57048 57128 57130 57144 57146 57160 57176 57184 57186 57192 57200 57202 57224 57226 57232 57234

G8（1020 个）
58153 58154 58155 58160 58162 58166 58169 58170 58171 58184 58185 58186 58192 58194 58198 58200 58201 58202 58206 58208 58210 58213 58214 58215 58216 58217 58218 58220 58221 58222 58226 58227 58228 58231 58232 58233 58236 58250 58251 58253 58255 58256 58258 58259 58260 58261 58262 58263 58266 58267 58268 58269 58270 58271 58272 58274 58275 58276 58277 58278 58280 58281 58284 58285 58286 58287 58288 58295 58297 58298 58299 58308 58312 58314 58326 58327 58328 58329 58330 58331 58332 58333 58334 58338 58340 58341 58342 58343 58347 58348 58349 58350 58358 58359 58664 58667 58672 58680 58681 58682 58683 58704 58712 58713 58720 58722 58725 58726 58727 58728 58729 58731 58732 58736 58739 58740 58741 58743 58744 58745 58746 58747 58749 58750 58760 58761 58762 58764 58765 58766 58767 58770 58771 58772 58773 58774 58776 58780 58781 58782 58783 58784 58790 58792 58814 58832 58834 58835 58836 58837 58839 58840 58841 58842 58843 58844 58845 58846 58848 58875 58921 58923 58928 58934 58936 58938 58960 58970 58981 58992 59000 59001 59002 59004 59024 59026 59028 59031 59032 59034 59051 59053 59055 59056 59058 59061 59062 59063 59064 59066 59067 59068 59069 59070 59071 59077 59081 59085 59088 59090 59092 59093 59094 59096 59097 59098 59100 59101 59102 59109 59117 59120 59122 59124 59126 59132 59133 59177 59178 59179 59184 59190 59193 59194 59208 59209 59216 59224 59225 59226 59232 59234 59236 59238 59240 59241 59242 59250 59256 59257 59258 59260 59273 59274 59275 59282 59283 59284 59286 59298 59318 59321 59323 59332 59334 59336 59340 59344 59346 59348 59350 59353 59354 59356 59362 59364 59366 59372 59691 59692 59693 59700 59703 59704 59705 59706 59707 59708 59720 59723 59728 59735 59736 59737 59739 59740 59744 59746 59747 59748 59751 59755 59756 59757 59844 59845 59847 59952 59954 59955 59960 59961 59963 59964 60003 60007 60011 60013 60018 60019 60020 60027 60028 60055 60101 60103 60115 60215 60217 60218 60219 60221 60232 60233 60235 60236 60237 60240 60243 60248 60249 60252 60256 60258 60261 60262 60263 60284 60301 60307 60308 60309 60311 60356 60357 60359 61029 61033 61037 61042 61044 61045 61048 61049 61050 61052 61053 61067 61069 61072 61074 61075 61076 61078 61079 61125 61138 61140 61224 61225 61226 61227 61228 61230 61234 61235 61236 61238 61240 61266 61268 61272 61273 61276 61280 61282 61284 61286 61288 61289 61292 61296 61298 61300 61323 61324 61328 61330 61332 61334 61382 61394 61992 61993 61994 61995 62006 62008 62009 62010 62024 62030 62034 62038 62041 62042 62046 62048 62050 62052 62054 62056 62060 62061 62062 62064 62066 62070 62072 62073 62076 62078 62088 62090 62091 62092 62093 62094 62095 62096 62098 62102 62103 62105 62106 62107 62108 62110 62112 62114 62115 62116 62118 62120 62123 62124 62125 62126 62127 62128 62130 62132 62133 62135 62136 62138 62139 62140 62142 62148 62150 62152 62153 62154 62156 62157 62158 62162 62165 62166 62168 62169 62170 62172 62173 62174 62178 62180 62181 62182 62188 62190 62196 62197 62198 62204 62205 62262 62265 62266 62267 62280 62281 62282 62288 62290 62322 62324 62328 62329 62330 62332 62345 62352 62354 62355 62356 62358 62360 62363 62364 62366 62371 62372 62379 62380 62382 62384 62386 62393 62394 62395 62408 62409 62412 62420 62426 62428 62434 62438 62444 62450 62454 62504 62505 62506 62510 62512 62514 62520 62521 62522 62526 62536 62537 62538 62544 62546 62550 62552 62553 62554 62560 62562 62564 62565 62566 62568 62569 62570 62574 62576 62578 62580 62582 62584 62585 62586 62590 62600 62601 62602 62604 62605 62606 62607 62608 62610 62611 62612 62614 62615 62616 62619 62620 62622 62624 62626 62628 62630 62632 62635 62636 62637 62638 62642 62644 62645 62670 62672 62674 62676 62680 62681 62682 62684 62685 62686 62688 62690 62692 62694 62702 62704 62706 62710 62716 62763 62766 62768 62774 62776 62779 62792 62808 62809 62816 62818 62820 62822 62824 62825 62828 62834 62836 62840 62841 62844 62856 62857 62858 62859 62862 62864 62866 62867 62868 62870 62872 62874 62876 62878 62882 62883 62884 62886 62888 62889 62892 62896 62898 62900 62904 62908 62916 62918 62922 62924 62928 62930 62932 62936 62937 62940 62944 62946 62948 62956 62962 62964 63030 63032 63033 63034 63056 63064 63072 63076 63080 63084 63088 63092 63096 63100 63112 63114 63116 63118 63120 63122 63124 63126 63128 63129 63130 63134 63136 63138 63140 63142 63144 63148 63152 63154 63160 63161 63164 63172 63176 63184 63188 63196 63200 63204 63212 63216 63220 63228 63274 63280 63282 63290 63304 63312 63320 63328 63336 63344 63352 63384 63386 63392 63394 63400 63408 63410 63432 63440 63448 63529 63530 63531 63538 63542 63543 63545 63546 63547 63560 63561 63562 63563 63568 63570 63571 63572 63574 63575 63576 63578 63579 63580 63586 63588 63590 63592 63593 63594 63595 63596 63597 63602 63603 63604 63605 63606 63609 63610 63613 63627 63632 63634 63635 63636 63638 63639 63643 63644 63645 63684 63685 63686 63687 63692 63693 63694 63696 63698 63699 63700 63702 63707 63708 63784 63787 63788 63792 63794 63795 63798 63800 63801 63802 63804 63816 63819 63820 63824 63830 63831 63832 63833 63834 63835 63836 63837 63856 63858 63859 63860 63861 63864 63865 63866 63867 63868 63869 63870 63884 63885 63886 63888 63890 63891 63892 63894 63895 63940 63941 63942 63943 63952 63954 63955 63956 63958 63959 64040 64043 64044 64045 64046 64047 64048 64051 64052 64054 64056 64057 64058 64059 64060 64062 64096 64098 64100 64102 64104 64108 64110 64112 64114 64116 64120 64124 64144 64150 64196 64197 64198 64208 64210 64212 64297 64298 64299 64304 64306 64313 64314 64315 64328 64330 64332 64338 64340 64344 64345 64348 64358 64360 64364 64368 64370 64372 64376 64377 64380 64395 64400 64402 64404 64406 64464 64466 64552 64554 64555 64558 64562 64566 64569 64570 64571 64584 64585 64586 64590 64592 64594 64598 64600 64602 64606 64610 64612 64614 64616 64617 64618 64620 64622 64626 64628 64634 64648 64650 64651 64652 64653 64654 64656 64658 64659 64660 64664 64708 64710 64712 64722 64724 64827 64840 64848 64856 64857 64864 64866 64868 64870 64872 64873 64876 64880 64882 64884 64892 64905 64907 64912 64914 64915 64916 64918 64920 64964 64966 64968 64980 64984