c 候选 共 9851 个

G1（838 个）
813 814 815 829 830 845 846 847 861 862 863 872 874 875 877 878 879 888 889 890 891 892 893 894 902 904 905 906 907 908 909 910 916 917 918 919 920 921 922 923 924 925 926 928 930 931 932 933 934 935 936 937 938 939 940 941 942 943 944 946 947 948 949 950 951 952 953 954 955 956 957 958 964 965 966 968 969 970 971 972 973 974 980 981 982 983 984 985 986 987 988 989 990 994 996 997 998 1003 1004 1005 1325 1326 1341 1342 1357 1358 1374 1384 1385 1386 1389 1390 1400 1401 1402 1404 1405 1406 1420 1421 1422 1436 1437 1438 1446 1448 1449 1453 1454 1460 1461 1462 1464 1465 1466 1468 1469 1470 1476 1477 1478 1480 1481 1482 1484 1485 1486 1492 1494 1496 1497 1498 1500 1501 1502 1504 1506 1508 1509 1510 1512 1513 1514 1516 1517 1518 1581 1583 1597 1598 1613 1615 1629 1630 1631 1641 1647 1656 1657 1658 1659 1661 1662 1669 1671 1673 1675 1677 1679 1684 1685 1686 1687 1688 1689 1690 1691 1692 1693 1694 1695 1699 1701 1703 1705 1709 1711 1714 1715 1716 1717 1718 1719 1720 1721 1722 1723 1724 1725 1726 1733 1735 1737 1739 1741 1743 1748 1749 1750 1751 1752 1753 1754 1755 1756 1757 1758 1767 1769 1771 1773 1837 1838 1853 1854 1869 1870 1896 1897 1912 1913 1914 1924 1925 1926 1928 1929 1930 1933 1934 1940 1941 1942 1944 1945 1946 1948 1949 1950 1952 1954 1956 1957 1958 1960 1961 1962 1964 1965 1966 1968 1970 1972 1973 1974 1976 1977 1978 1981 1982 1988 1989 1990 1992 1993 1994 1996 1997 1998 2004 2005 2006 2008 2009 2012 2013 2014 2018 2020 2021 2022 2028 2029 2349 2350 2351 2405 2406 2407 2419 2420 2421 2423 2424 2436 2437 2438 2439 2440 2441 2447 2453 2454 2455 2456 2462 2466 2467 2468 2469 2470 2471 2472 2473 2474 2477 2478 2479 2480 2482 2483 2484 2485 2486 2487 2488 2489 2490 2493 2494 2502 2503 2504 2505 2509 2510 2511 2516 2517 2518 2519 2521 2522 2525 2526 2528 2530 2531 2532 2533 2534 2535 2536 2537 2538 2541 2542 2607 2674 2677 2678 2679 2695 2710 2711 2713 2719 2723 2727 2738 2739 2743 2747 2749 2750 2757 2759 2761 2763 2765 2767 2775 2777 2778 2779 2781 2782 2787 2789 2791 2795 2852 2853 2854 2855 2856 2858 2859 2864 2866 2867 2868 2869 2870 2871 2873 2874 2884 2885 2886 2888 2889 2900 2903 2914 2918 2919 2928 2930 2931 2933 2934 2935 2936 2948 2949 2950 2951 2952 2953 2964 2965 2966 2967 2968 2969 2970 2975 2978 2979 2980 2981 2982 2983 2984 2985 2987 2989 2990 2991 2994 2995 2996 2997 2998 2999 3001 3002 3004 3005 3006 3012 3013 3014 3015 3016 3017 3018 3019 3020 3021 3022 3023 3028 3029 3030 3031 3032 3033 3034 3035 3036 3037 3038 3040 3042 3043 3044 3045 3046 3047 3048 3049 3050 3051 3109 3113 3117 3119 3122 3123 3124 3125 3126 3128 3130 3141 3143 3145 3156 3157 3158 3160 3161 3171 3173 3175 3184 3186 3187 3188 3190 3191 3192 3193 3205 3207 3209 3215 3220 3221 3222 3223 3224 3225 3226 3227 3229 3230 3231 3235 3237 3239 3241 3243 3245 3247 3251 3252 3253 3254 3255 3256 3257 3258 3259 3260 3261 3262 3269 3271 3273 3275 3277 3279 3284 3285 3286 3287 3288 3289 3290 3291 3292 3293 3294 3299 3301 3303 3305 3307 3309 3366 3368 3369 3370 3372 3373 3374 3376 3378 3380 3381 3382 3384 3385 3389 3396 3397 3398 3400 3402 3412 3417 3418 3426 3428 3429 3432 3433 3440 3442 3444 3445 3448 3449 3450 3460 3462 3464 3465 3466 3469 3470 3477 3478 3484 3485 3486 3488 3490 3492 3493 3494 3496 3497 3498 3500 3501 3502 3508 3509 3510 3512 3513 3514 3516 3517 3518 3524 3525 3526 3528 3529 3530 3532 3533 3534 3540 3541 3542 3544 3545 3546 3548 3554 3556 3557 3558 3560 3561 3562 3564 3629 3632 3634 3645 3646 3653 3657 3661 3663 3668 3669 3670 3672 3674 3683 3685 3689 3698 3699 3700 3701 3702 3704 3705 3706 3717 3725 3727 3732 3734 3736 3737 3738 3740 3741 3742 3743 3747 3749 3753 3757 3759 3760 3762 3764 3765 3766 3768 3769 3770 3772 3773 3774 3781 3785 3789 3796 3797 3798 3800 3801 3802 3804 3811 3813 3817 3884 3890 3901 3902 3908 3909 3910 3912 3913 3914 3916 3917 3918 3924 3926 3928 3929 3932 3933 3936 3938 3940 3941 3942 3944 3946 3952 3954 3956 3957 3958 3972 3973 3974 3976 3977 3978 3980 3981 3982 3988 3989 3992 3993 3994 3997 3998 4002 4004 4006 4008 4009 4012 4013 4014 4016 4018 4021 4022 4036 4037 4038 4040 4041 4042 4044 4045 4052 4054

G2（1707 个）
9001 9002 9003 9004 9005 9006 9007 9016 9017 9018 9019 9020 9021 9022 9023 9032 9034 9035 9036 9037 9038 9039 9048 9049 9050 9051 9052 9053 9055 9064 9066 9067 9070 9071 9080 9081 9082 9083 9084 9086 9092 9093 9094 9095 9096 9097 9098 9099 9100 9101 9102 9103 9108 9109 9110 9111 9112 9113 9114 9115 9116 9117 9118 9119 9122 9123 9124 9125 9126 9127 9128 9129 9131 9132 9133 9134 9135 9136 9138 9139 9140 9141 9142 9143 9144 9145 9146 9147 9148 9149 9150 9157 9158 9159 9160 9161 9162 9163 9164 9165 9166 9167 9172 9174 9175 9176 9177 9178 9179 9181 9182 9184 9186 9187 9188 9189 9190 9191 9192 9193 9194 9195 9196 9197 9198 9516 9518 9528 9529 9530 9532 9534 9548 9550 9564 9576 9582 9592 9593 9594 9596 9598 9612 9613 9614 9628 9629 9630 9638 9640 9644 9646 9652 9654 9657 9658 9661 9662 9668 9669 9670 9672 9673 9674 9676 9677 9678 9684 9686 9688 9689 9690 9692 9693 9694 9696 9698 9700 9701 9702 9704 9705 9706 9708 9709 9710 9769 9775 9784 9785 9786 9788 9789 9790 9791 9803 9805 9807 9816 9818 9819 9833 9839 9849 9850 9851 9854 9861 9863 9865 9867 9869 9871 9876 9878 9879 9880 9881 9882 9883 9884 9885 9886 9887 9891 9895 9903 9904 9906 9907 9908 9910 9911 9912 9913 9914 9915 9916 9917 9918 9925 9927 9929 9931 9933 9935 9940 9942 9943 9944 9945 9946 9947 9949 9950 9955 9957 9959 9961 9963 9965 10024 10025 10026 10028 10029 10030 10040 10042 10044 10056 10057 10058 10072 10073 10088 10089 10104 10106 10116 10117 10118 10120 10121 10122 10125 10126 10132 10134 10136 10137 10138 10140 10141 10142 10144 10146 10148 10150 10152 10156 10157 10158 10160 10162 10164 10165 10166 10168 10169 10170 10172 10173 10174 10180 10181 10182 10184 10185 10186 10188 10189 10190 10196 10198 10204 10205 10206 10208 10210 10214 10216 10220 10221 10222 10534 10535 10544 10546 10547 10548 10550 10551 10553 10554 10566 10584 10592 10594 10595 10596 10598 10599 10611 10614 10615 10616 10628 10629 10630 10631 10632 10633 10646 10647 10648 10649 10650 10655 10656 10659 10660 10662 10663 10664 10670 10671 10674 10675 10676 10678 10679 10680 10681 10682 10683 10684 10685 10686 10692 10693 10694 10695 10696 10697 10698 10699 10700 10701 10702 10703 10708 10710 10711 10712 10713 10714 10715 10716 10717 10718 10720 10722 10723 10724 10726 10727 10728 10731 10732 10733 10734 10791 10802 10803 10806 10807 10823 10866 10867 10870 10871 10887 10951 10959 10974 10979 10983 11044 11046 11047 11056 11058 11059 11060 11062 11063 11064 11076 11078 11079 11080 11106 11107 11108 11110 11140 11142 11143 11144 11145 11158 11159 11161 11162 11168 11172 11174 11175 11184 11188 11190 11191 11192 11193 11195 11196 11204 11205 11206 11207 11208 11209 11210 11211 11212 11222 11223 11224 11225 11226 11227 11228 11232 11234 11238 11239 11240 11241 11243 11301 11305 11312 11314 11315 11317 11318 11320 11321 11322 11333 11335 11337 11348 11350 11351 11352 11363 11365 11367 11376 11378 11379 11380 11381 11382 11384 11385 11397 11399 11401 11412 11414 11415 11416 11417 11418 11419 11427 11431 11440 11444 11446 11447 11451 11452 11453 11461 11463 11465 11467 11469 11476 11478 11479 11480 11481 11482 11483 11484 11485 11491 11493 11495 11497 11499 11501 11556 11558 11560 11564 11568 11570 11572 11574 11576 11577 11578 11588 11590 11592 11618 11620 11622 11624 11632 11634 11636 11638 11641 11642 11652 11653 11654 11656 11657 11658 11668 11672 11673 11674 11676 11680 11682 11684 11686 11688 11692 11696 11698 11702 11705 11706 11708 11709 11716 11717 11718 11720 11721 11722 11724 11725 11732 11734 11736 11737 11738 11740 11741 11744 11748 11749 11750 11752 11753 11754 11756 11757 11821 11824 11826 11836 11845 11849 11860 11862 11864 11865 11866 11875 11877 11888 11890 11891 11893 11894 11896 11898 11909 11913 11917 11924 11926 11928 11929 11930 11932 11933 11939 11952 11954 11955 11956 11958 11960 11961 11964 11965 11973 11977 11981 11988 11990 11992 11993 11994 11996 11997 12005 12009 12076 12077 12078 12080 12082 12092 12093 12102 12104 12105 12106 12108 12116 12118 12120 12121 12122 12128 12130 12132 12133 12134 12136 12137 12138 12144 12146 12148 12149 12150 12164 12165 12166 12168 12170 12172 12173 12181 12182 12185 12186 12188 12189 12192 12194 12196 12197 12198 12200 12201 12204 12205 12208 12210 12212 12213 12228 12230 12232 12233 12234 12236 12237 12246 12841 12842 12843 12857 12858 12859 12874 12875 12877 12878 12879 12889 12890 12891 12893 12894 12895 12905 12906 12907 12921 12922 12923 12937 12938 12939 12941 12943 12946 12947 12950 12951 12953 12954 12955 12957 12958 12959 12962 12963 12966 12967 12978 12979 12982 12983 12985 12986 12987 12994 12998 12999 13001 13002 13003 13005 13006 13007 13010 13011 13014 13015 13017 13018 13019 13021 13022 13026 13027 13029 13030 13031 13033 13034 13035 13097 13098 13099 13114 13130 13132 13134 13135 13144 13145 13146 13147 13148 13149 13150 13151 13160 13161 13162 13163 13176 13177 13178 13179 13190 13191 13194 13199 13202 13205 13206 13207 13210 13212 13214 13215 13216 13218 13219 13220 13221 13222 13223 13227 13232 13234 13238 13239 13242 13248 13250 13251 13252 13253 13254 13255 13256 13257 13258 13259 13261 13262 13263 13264 13266 13270 13271 13274 13276 13278 13280 13282 13283 13284 13285 13286 13287 13288 13289 13290 13291 13352 13353 13354 13355 13370 13386 13388 13390 13391 13400 13401 13402 13403 13404 13405 13406 13407 13416 13417 13418 13419 13432 13433 13434 13435 13450 13452 13462 13463 13466 13468 13470 13471 13472 13474 13475 13476 13478 13479 13480 13488 13490 13494 13495 13498 13504 13506 13507 13508 13509 13510 13511 13512 13513 13514 13515 13516 13517 13518 13519 13520 13522 13526 13527 13530 13532 13534 13536 13538 13539 13540 13541 13542 13543 13544 13545 13546 13547 13608 13624 13625 13626 13640 13644 13646 13660 13662 13700 13701 13702 13704 13705 13706 13708 13709 13716 13718 13720 13721 13722 13724 13725 13726 13728 13730 13732 13734 13736 13744 13746 13748 13750 13752 13753 13754 13760 13762 13764 13765 13766 13768 13769 13770 13772 13773 13774 13776 13778 13780 13782 13784 13785 13786 13788 13789 13790 13792 13794 13796 13797 13798 13800 13801 13802 13865 13866 13880 13881 13882 13896 13898 13899 13900 13901 13902 13903 13912 13913 13914 13915 13916 13917 13919 13928 13930 13931 13944 13945 13946 13947 13956 13957 13958 13959 13961 13962 13963 13964 13965 13967 13970 13971 13972 13974 13975 13976 13977 13978 13979 13981 13982 13983 13984 13986 13987 13988 13990 13991 13992 14000 14002 14003 14004 14006 14007 14008 14009 14010 14011 14016 14018 14019 14020 14021 14022 14023 14024 14027 14028 14029 14030 14031 14032 14034 14035 14036 14038 14039 14042 14045 14046 14050 14051 14052 14053 14054 14055 14056 14057 14058 14059 14121 14122 14138 14152 14153 14154 14156 14157 14168 14169 14170 14184 14185 14200 14201 14202 14214 14218 14221 14224 14226 14228 14229 14230 14232 14233 14234 14236 14237 14238 14242 14244 14245 14246 14248 14249 14250 14256 14258 14262 14265 14266 14272 14274 14276 14277 14278 14281 14282 14284 14285 14286 14288 14290 14292 14294 14296 14297 14298 14300 14301 14302 14304 14306 14308 14309 14310 14312 14313 14314 14378 14386 14390 14391 14394 14418 14419 14421 14423 14425 14426 14434 14435 14438 14439 14441 14450 14453 14454 14455 14457 14458 14479 14485 14486 14487 14490 14494 14495 14498 14499 14501 14502 14503 14505 14507 14514 14518 14519 14522 14530 14531 14533 14534 14535 14537 14538 14539 14541 14542 14543 14546 14549 14550 14551 14554 14558 14562 14563 14565 14566 14567 14569 14570 14571 14628 14629 14630 14631 14632 14633 14635 14645 14646 14647 14650 14661 14662 14663 14666 14672 14674 14675 14676 14678 14680 14681 14688 14690 14691 14692 14693 14695 14696 14704 14706 14707 14708 14710 14711 14712 14713 14725 14726 14727 14730 14735 14736 14741 14742 14743 14746 14750 14751 14752 14756 14757 14758 14759 14761 14762 14763 14768 14770 14773 14774 14775 14778 14786 14787 14788 14789 14790 14791 14792 14793 14794 14795 14796 14797 14798 14799 14800 14802 14806 14807 14810 14812 14814 14816 14818 14819 14820 14821 14822 14823 14824 14825 14826 14827 14886 14887 14889 14898 14899 14901 14902 14903 14905 14917 14918 14919 14930 14931 14934 14935 14962 14963 14982 14983 14985 14994 14998 14999 15001 15002 15014 15030 15031 15033 15035 15042 15043 15045 15047 15049 15050 15051 15058 15059 15062 15063 15065 15066 15067 15074 15075 15142 15143 15145 15146 15147 15152 15154 15158 15159 15162 15173 15174 15175 15184 15186 15187 15188 15190 15191 15192 15200 15202 15203 15216 15218 15219 15239 15242 15248 15250 15254 15255 15258 15264 15266 15269 15270 15271 15272 15273 15275 15280 15286 15287 15290 15296 15301 15302 15303 15304 15305 15306 15307 15312 15314 15318 15319 15322 15330 15331 15396 15397 15398 15401 15402 15408 15410 15411 15412 15413 15414 15416 15418 15428 15429 15430 15431 15432 15433 15440 15442 15443 15444 15446 15447 15448 15449 15472 15474 15475 15476 15477 15478 15479 15481 15482 15504 15506 15507 15508 15511 15512 15513 15514 15515 15516 15517 15520 15522 15523 15524 15527 15528 15531 15536 15538 15541 15542 15543 15544 15545 15546 15547 15552 15557 15558 15559 15560 15561 15562 15563 15564 15565 15568 15572 15574 15575 15576 15577 15578 15579 15580 15581 15584 15586 15587 15588 15589 15590 15591 15592 15593 15594 15595 15654 15664 15666 15670 15674 15686 15696 15712 15714 15716 15717 15718 15720 15721 15728 15730 15732 15733 15734 15736 15738 15750 15754 15760 15762 15765 15766 15770 15772 15776 15778 15780 15781 15784 15785 15786 15792 15794 15798 15802 15808 15810 15813 15814 15816 15817 15818 15820 15821 15824 15830 15834 15836 15844 15845 15846 15848 15849 15850 15920 15922 15940 15941 15942 15944 15945 15946 15952 15954 15955 15956 15958 15961 15962 15968 15970 15971 15984 15986 15987 16004 16005 16006 16008 16010 16012 16013 16016 16018 16019 16020 16022 16025 16026 16028 16032 16034 16035 16036 16038 16040 16048 16050 16051 16052 16053 16056 16057 16058 16064 16066 16067 16068 16070 16072 16073 16074 16080 16082 16086 16088 16089 16090 16096

G3（1053 个）
17192 17193 17194 17196 17197 17198 17210 17212 17214 17215 17226 17228 17230 17231 17240 17241 17242 17243 17244 17245 17246 17247 17256 17257 17258 17259 17261 17262 17263 17272 17273 17274 17275 17276 17277 17278 17285 17286 17287 17290 17292 17294 17295 17302 17303 17306 17308 17310 17312 17314 17315 17316 17317 17318 17319 17320 17321 17322 17323 17324 17325 17326 17327 17328 17330 17333 17334 17335 17338 17340 17342 17348 17349 17350 17351 17352 17353 17354 17355 17356 17357 17358 17359 17366 17367 17370 17372 17374 17376 17378 17379 17380 17381 17382 17383 17384 17385 17386 17387 17388 17389 17390 17708 17710 17720 17722 17724 17726 17740 17742 17752 17758 17768 17774 17786 17788 17790 17804 17806 17822 17828 17830 17832 17838 17844 17846 17848 17850 17852 17854 17860 17862 17864 17866 17868 17870 17878 17880 17882 17884 17886 17888 17890 17892 17894 17896 17898 17900 17902 17980 17982 18008 18010 18012 18014 18040 18042 18044 18046 18068 18070 18074 18076 18078 18096 18098 18100 18102 18104 18106 18108 18110 18132 18134 18136 18138 18140 18142 18220 18222 18236 18238 18248 18250 18252 18254 18264 18266 18268 18280 18282 18286 18296 18300 18302 18310 18312 18314 18316 18318 18324 18326 18328 18330 18332 18334 18336 18338 18340 18342 18344 18348 18350 18354 18356 18358 18362 18364 18366 18372 18374 18376 18378 18380 18382 18388 18390 18392 18394 18396 18398 18400 18404 18406 18408 18412 18414 18732 18735 18738 18742 18758 18759 18784 18786 18787 18788 18790 18792 18802 18803 18804 18807 18808 18809 18810 18822 18823 18826 18830 18831 18838 18839 18842 18844 18846 18848 18850 18854 18855 18856 18860 18862 18863 18864 18870 18874 18876 18878 18884 18885 18886 18887 18888 18890 18891 18892 18893 18894 18895 18902 18903 18906 18908 18910 18912 18914 18915 18916 18918 18919 18920 18923 18924 18925 18926 18991 18994 18995 19001 19002 19015 19058 19059 19062 19079 19134 19143 19151 19166 19171 19175 19236 19238 19240 19244 19248 19250 19254 19270 19271 19288 19296 19298 19299 19300 19302 19303 19304 19314 19315 19316 19318 19319 19333 19334 19338 19356 19360 19362 19363 19366 19367 19368 19372 19376 19378 19382 19383 19386 19388 19397 19398 19399 19400 19401 19402 19403 19404 19405 19414 19415 19418 19420 19424 19426 19427 19428 19429 19430 19431 19432 19433 19434 19435 19504 19516 19540 19542 19544 19546 19568 19570 19572 19574 19576 19578 19604 19606 19608 19610 19612 19644 19670 19672 19674 19676 19756 19758 19760 19762 19782 19788 19808 19810 19812 19814 19816 19846 19850 19852 19872 19874 19876 19878 19884 19900 19910 19912 19914 19916 19926 19930 19932 19936 19938 19942 19944 19946 19948 20060 20080 20124 20144 20146 20156 20188 20300 20302 20316 20320 20322 20336 20338 20364 20380 20384 20386 20396 20402 20428 21049 21050 21070 21086 21087 21115 21134 21186 21187 21190 21191 21198 21199 21214 21218 21219 21222 21223 21288 21304 21305 21306 21320 21324 21326 21336 21340 21342 21343 21352 21368 21369 21370 21371 21380 21381 21383 21384 21385 21386 21387 21388 21389 21390 21391 21392 21394 21395 21396 21398 21399 21400 21401 21402 21403 21404 21406 21408 21410 21411 21412 21414 21416 21424 21426 21427 21428 21430 21431 21432 21433 21434 21435 21440 21442 21443 21444 21446 21447 21448 21451 21452 21454 21456 21462 21463 21464 21465 21466 21467 21468 21470 21472 21474 21475 21476 21478 21480 21483 21560 21562 21580 21582 21592 21598 21624 21644 21646 21656 21660 21680 21688 21696 21698 21700 21702 21704 21708 21710 21712 21720 21724 21726 21728 21730 21732 21734 21736 21816 21902 21916 21918 21954 21958 21964 21966 21986 21988 21990 21992 22088 22092 22094 22108 22110 22120 22138 22148 22150 22152 22156 22158 22160 22168 22172 22174 22210 22212 22214 22216 22220 22222 22224 22236 22242 22244 22246 22248 22348 22350 22376 22392 22406 22408 22412 22414 22416 22418 22420 22422 22424 22426 22428 22430 22432 22436 22438 22448 22450 22452 22456 22466 22468 22470 22472 22474 22476 22478 22480 22482 22488 22492 22496 22498 22502 22504 22569 22570 22578 22579 22581 22582 22585 22603 22605 22606 22607 22610 22611 22615 22617 22618 22619 22621 22623 22626 22627 22629 22630 22633 22634 22635 22642 22643 22647 22649 22650 22651 22665 22666 22669 22670 22671 22674 22675 22678 22679 22681 22682 22683 22685 22686 22687 22690 22694 22695 22707 22710 22711 22713 22714 22715 22722 22723 22725 22726 22727 22729 22730 22731 22733 22734 22735 22738 22739 22742 22743 22745 22746 22747 22749 22750 22754 22755 22757 22758 22759 22761 22762 22763 22820 22822 22824 22832 22834 22836 22838 22840 22841 22842 22852 22854 22855 22856 22860 22863 22864 22882 22883 22884 22886 22887 22896 22898 22899 22900 22902 22904 22905 22906 22907 22916 22919 22920 22921 22922 22923 22925 22926 22927 22928 22930 22931 22935 22936 22937 22939 22940 22941 22942 22943 22944 22946 22947 22950 22951 22952 22960 22962 22964 22966 22967 22968 22969 22970 22971 22976 22979 22980 22981 22982 22983 22984 22985 22986 22987 22988 22989 22990 22991 22992 22994 22995 22996 22998 22999 23000 23001 23002 23003 23004 23005 23006 23010 23011 23012 23013 23014 23015 23016 23017 23018 23019 23078 23090 23091 23094 23097 23098 23110 23111 23154 23155 23174 23182 23183 23198 23199 23234 23239 23266 23267 23332 23334 23336 23344 23346 23347 23348 23350 23352 23353 23354 23364 23366 23367 23368 23376 23394 23395 23411 23428 23429 23430 23431 23433 23434 23435 23436 23437 23440 23442 23443 23444 23446 23448 23449 23450 23451 23452 23453 23456 23458 23459 23460 23463 23464 23472 23474 23475 23480 23481 23488 23490 23491 23494 23495 23496 23497 23498 23499 23504 23506 23508 23512 23513 23523 23600 23602 23620 23622 23624 23626 23628 23632 23634 23638 23640 23642 23648 23650 23652 23654 23656 23664 23666 23668 23670 23672 23684 23686 23688 23690 23692 23696 23698 23700 23702 23706 23708 23712 23714 23720 23728 23730 23732 23736 23738 23744 23746 23752 23754 23756 23762 23766 23768 23770 23772 23776 23778 23780 23782 23784 23786 23856 23858 23878 23880 23884 23906 23908 23910 23912 23920 23922 23928 23942 23944 23948 23952 23954 23956 23958 23960 23962 23964 23968 23970 23972 23974 23984 23986 23988 23992 24002 24004 24008 24012 24016 24018 24028 24032 24034 24038 24040 24144 24146 24160 24162 24176 24178 24208 24210 24220 24240 24242 24256 24258 24272 24274 24288 24290

G4（905 个）
25388 25389 25390 25404 25405 25406 25416 25417 25418 25420 25421 25422 25423 25432 25433 25434 25436 25437 25438 25439 25448 25449 25450 25453 25454 25455 25464 25465 25466 25468 25469 25470 25476 25477 25478 25480 25481 25482 25484 25485 25486 25487 25506 25507 25508 25509 25510 25512 25513 25514 25517 25518 25519 25520 25522 25523 25524 25526 25528 25529 25530 25532 25533 25534 25540 25541 25544 25545 25548 25549 25550 25551 25556 25557 25558 25561 25562 25564 25565 25566 25568 25570 25571 25572 25573 25574 25576 25577 25578 25580 25581 25582 25900 25902 25916 25918 25928 25932 25934 25948 25950 25960 25966 25976 25978 25980 25982 25996 25998 26012 26014 26020 26024 26030 26036 26038 26042 26044 26046 26052 26054 26056 26060 26062 26068 26070 26072 26074 26076 26078 26080 26082 26084 26086 26088 26090 26092 26094 26204 26206 26236 26238 26268 26270 26288 26290 26300 26302 26332 26334 26444 26446 26462 26478 26492 26494 26508 26510 26524 26526 26528 26530 26542 26544 26556 26558 26572 26574 26588 26590 26592 26594 26604 26606 26924 26926 26928 26930 26941 26942 26948 26950 26952 26956 26958 26959 26968 26972 26975 26976 26978 26979 26980 26982 26984 26990 26991 26992 26994 26995 26996 27001 27002 27004 27005 27006 27012 27013 27016 27017 27018 27020 27021 27022 27023 27028 27032 27033 27034 27037 27038 27039 27040 27042 27043 27044 27048 27054 27055 27056 27058 27059 27062 27064 27065 27066 27068 27069 27070 27076 27077 27078 27080 27081 27084 27085 27086 27092 27094 27096 27097 27098 27100 27101 27102 27104 27106 27107 27108 27109 27110 27112 27113 27114 27116 27117 27118 27186 27198 27215 27250 27251 27254 27258 27279 27294 27363 27436 27438 27440 27442 27452 27453 27460 27462 27464 27468 27490 27491 27492 27494 27496 27504 27506 27507 27508 27512 27513 27524 27525 27526 27528 27530 27532 27533 27542 27545 27546 27548 27549 27552 27554 27560 27568 27570 27571 27572 27576 27577 27580 27588 27592 27593 27596 27597 27608 27609 27612 27616 27618 27620 27621 27622 27624 27625 27980 27982 27996 28002 28016 28018 28044 28060 28064 28066 28108 28130 28140 29257 29258 29261 29263 29273 29274 29277 29278 29279 29289 29290 29305 29306 29321 29322 29325 29326 29327 29330 29331 29334 29337 29338 29341 29342 29343 29346 29347 29350 29362 29363 29366 29369 29370 29378 29379 29381 29382 29385 29386 29389 29390 29391 29394 29395 29398 29401 29402 29405 29406 29410 29411 29413 29414 29417 29418 29512 29513 29514 29516 29517 29518 29519 29528 29529 29530 29532 29533 29534 29535 29544 29545 29546 29560 29561 29562 29572 29573 29574 29576 29577 29578 29580 29581 29582 29586 29587 29588 29589 29590 29592 29593 29594 29596 29597 29598 29602 29603 29604 29605 29608 29609 29610 29616 29618 29619 29620 29621 29622 29624 29625 29626 29632 29634 29635 29636 29638 29641 29642 29644 29645 29647 29648 29650 29651 29652 29654 29656 29657 29658 29660 29661 29662 29664 29666 29667 29668 29669 29670 29672 29673 29674 29770 29772 29774 29784 29786 29790 29800 29802 29816 29818 29832 29834 29836 29838 29844 29846 29848 29850 29852 29854 29856 29858 29860 29862 29864 29874 29876 29882 29890 29892 29900 29902 29904 29906 29908 29910 29912 29914 29916 29918 29920 29922 29924 29926 30028 30030 30056 30072 30086 30088 30090 30092 30094 30100 30102 30104 30106 30108 30110 30112 30116 30118 30128 30130 30132 30136 30146 30148 30150 30152 30154 30156 30158 30160 30162 30168 30172 30176 30178 30180 30182 30184 30284 30286 30300 30302 30348 30350 30352 30354 30364 30366 30368 30370 30384 30400 30402 30412 30414 30418 30434 30540 30542 30556 30604 30606 30608 30610 30620 30622 30640 30642 30656 30668 30670 30672 30674 30684 30690 30770 30793 30797 30798 30799 30802 30803 30805 30806 30809 30813 30814 30815 30818 30819 30821 30822 30826 30834 30835 30837 30838 30841 30842 30857 30858 30861 30863 30866 30867 30873 30877 30878 30879 30882 30883 30886 30889 30890 30898 30899 30901 30902 30905 30906 30914 30917 30918 30921 30925 30926 30927 30931 30933 30934 30937 30938 30941 30942 30946 30947 30949 30950 30953 30954 31024 31026 31044 31045 31046 31048 31049 31050 31053 31054 31055 31056 31058 31059 31060 31062 31064 31065 31066 31068 31069 31070 31071 31072 31074 31075 31076 31077 31078 31081 31088 31090 31091 31092 31093 31094 31096 31098 31108 31109 31110 31113 31116 31117 31118 31119 31120 31122 31123 31124 31125 31129 31130 31132 31133 31135 31136 31138 31139 31140 31141 31144 31145 31146 31152 31154 31155 31158 31160 31161 31168 31170 31171 31173 31174 31176 31177 31178 31180 31181 31182 31183 31184 31186 31188 31190 31192 31193 31194 31196 31197 31203 31206 31208 31209 31282 31301 31302 31305 31306 31314 31315 31318 31321 31322 31346 31347 31365 31366 31370 31373 31374 31375 31378 31379 31382 31385 31386 31390 31394 31395 31410 31411 31458 31536 31538 31556 31557 31558 31560 31561 31562 31568 31570 31571 31572 31576 31577 31584 31586 31587 31600 31602 31603 31620 31621 31622 31624 31625 31628 31629 31632 31634 31635 31636 31637 31638 31640 31642 31644 31645 31648 31650 31651 31652 31653 31654 31657 31664 31666 31667 31668 31673 31682 31688 31689 31690 31696 31698 31699 31700 31704 31705 31712 31714 31715 31820 31822 31824 31826 31836 31840 31842 31856 31858 31884 31888 31890 31900 31904 31906 31922 31948 31952 31954 31964 31968 31970 32076 32078 32080 32092 32096 32098 32112 32114 32144 32146 32156 32160 32162 32176 32178 32192 32194 32204 32208 32210 32220 32224 32226

G5（1708 个）
33574 33575 33578 33579 33581 33583 33584 33586 33590 33594 33620 33623 33624 33625 33626 33627 33629 33630 33631 33632 33634 33635 33636 33638 33639 33640 33641 33642 33643 33645 33646 33647 33648 33650 33651 33653 33654 33655 33656 33657 33658 33659 33661 33662 33671 33674 33679 33685 33686 33687 33690 33692 33694 33695 33696 33698 33699 33700 33701 33702 33703 33704 33705 33707 33708 33709 33710 33711 33714 33719 33722 33735 33736 33737 33738 33739 33740 33741 33742 33743 33751 33754 33756 33758 33767 33768 33769 33770 33771 33772 33773 33774 34108 34109 34110 34118 34124 34125 34126 34140 34141 34142 34146 34148 34149 34150 34153 34157 34158 34160 34162 34164 34165 34168 34169 34170 34172 34173 34174 34188 34189 34190 34204 34205 34206 34212 34213 34214 34216 34217 34220 34221 34222 34228 34229 34230 34233 34234 34236 34237 34238 34244 34245 34246 34248 34249 34250 34252 34253 34254 34260 34261 34262 34264 34265 34266 34268 34269 34270 34274 34276 34277 34278 34280 34281 34282 34284 34285 34286 34341 34345 34349 34351 34352 34354 34355 34356 34357 34358 34360 34361 34362 34364 34365 34366 34367 34373 34375 34377 34379 34381 34383 34388 34389 34390 34391 34394 34395 34396 34397 34398 34399 34403 34405 34411 34413 34415 34416 34418 34419 34420 34421 34422 34425 34426 34427 34428 34429 34430 34437 34439 34441 34443 34445 34447 34452 34454 34455 34456 34457 34458 34459 34460 34461 34462 34463 34467 34469 34471 34473 34475 34477 34479 34480 34482 34484 34485 34486 34487 34488 34490 34491 34492 34493 34494 34501 34503 34505 34507 34509 34511 34516 34517 34518 34519 34521 34522 34523 34524 34525 34526 34531 34533 34535 34537 34539 34541 34598 34601 34602 34608 34610 34614 34618 34621 34628 34629 34630 34632 34633 34634 34636 34637 34638 34644 34646 34648 34649 34652 34653 34654 34656 34658 34660 34662 34666 34669 34670 34672 34674 34676 34677 34678 34682 34684 34685 34686 34694 34697 34698 34701 34708 34709 34712 34713 34714 34716 34717 34718 34720 34722 34724 34726 34728 34729 34730 34732 34733 34734 34736 34738 34742 34745 34749 34756 34757 34758 34760 34761 34762 34764 34765 34766 34772 34774 34778 34780 34781 34782 34786 34788 34789 34790 34792 34793 34794 34796 34797 34798 35110 35111 35115 35116 35117 35118 35120 35122 35125 35126 35127 35130 35135 35142 35143 35148 35150 35151 35159 35160 35161 35165 35166 35167 35168 35170 35171 35172 35173 35174 35175 35176 35177 35181 35182 35183 35184 35186 35187 35188 35189 35190 35191 35192 35193 35195 35196 35197 35198 35205 35206 35207 35210 35212 35214 35215 35221 35222 35226 35228 35230 35231 35232 35234 35235 35236 35237 35238 35241 35244 35245 35246 35247 35248 35250 35253 35255 35258 35262 35268 35270 35271 35272 35273 35274 35275 35276 35277 35278 35279 35286 35287 35290 35292 35294 35296 35298 35300 35301 35302 35303 35304 35305 35306 35307 35308 35309 35310 35367 35373 35375 35378 35379 35381 35382 35383 35385 35387 35389 35390 35399 35403 35407 35415 35417 35419 35422 35423 35442 35443 35446 35447 35449 35450 35463 35469 35471 35479 35483 35486 35507 35513 35525 35527 35529 35531 35533 35535 35543 35545 35547 35549 35550 35555 35557 35559 35561 35622 35623 35625 35627 35629 35631 35632 35634 35654 35655 35660 35662 35671 35672 35673 35675 35676 35677 35679 35680 35682 35683 35684 35685 35686 35687 35688 35689 35691 35718 35719 35733 35734 35735 35740 35744 35747 35748 35749 35750 35751 35756 35757 35760 35762 35766 35780 35781 35782 35785 35786 35787 35788 35789 35797 35799 35802 35804 35808 35810 35811 35812 35814 35815 35816 35817 35819 35877 35881 35885 35887 35888 35890 35891 35892 35893 35894 35896 35897 35898 35900 35901 35902 35903 35909 35911 35913 35915 35917 35919 35924 35925 35926 35927 35928 35929 35930 35931 35932 35933 35934 35939 35941 35943 35945 35947 35949 35952 35954 35955 35956 35957 35958 35959 35960 35961 35962 35963 35964 35973 35975 35977 35979 35981 35988 35990 35991 35992 35993 35994 35996 35997 36003 36005 36007 36009 36011 36013 36018 36019 36020 36021 36023 36026 36027 36028 36029 36037 36043 36045 36052 36053 36054 36057 36058 36059 36060 36061 36067 36069 36071 36073 36075 36077 36134 36137 36141 36144 36146 36150 36154 36165 36166 36172 36174 36184 36185 36188 36189 36190 36192 36194 36196 36197 36198 36200 36201 36205 36208 36210 36212 36213 36214 36216 36217 36218 36220 36221 36230 36234 36245 36246 36250 36256 36258 36260 36261 36262 36264 36265 36268 36269 36272 36274 36278 36292 36293 36294 36298 36300 36301 36309 36310 36314 36316 36320 36322 36324 36325 36326 36329 36330 36332 36333 36397 36400 36402 36421 36425 36429 36431 36436 36438 36440 36441 36442 36444 36445 36446 36447 36451 36453 36457 36464 36466 36467 36468 36469 36470 36472 36473 36474 36485 36489 36493 36500 36502 36504 36505 36506 36508 36515 36525 36528 36530 36531 36532 36533 36534 36536 36537 36541 36549 36553 36557 36564 36565 36566 36570 36572 36573 36579 36581 36652 36653 36654 36656 36658 36668 36669 36670 36676 36677 36678 36680 36681 36682 36684 36685 36686 36692 36694 36696 36697 36698 36700 36701 36702 36704 36706 36708 36709 36710 36712 36713 36714 36722 36724 36725 36726 36740 36741 36742 36744 36745 36746 36748 36749 36756 36758 36760 36761 36762 36764 36765 36768 36770 36772 36774 36776 36780 36784 36786 36788 36789 36790 36804 36805 36806 36808 36809 36810 36812 36813 36820 36822 37419 37426 37427 37429 37430 37431 37434 37435 37451 37453 37455 37459 37463 37465 37467 37469 37470 37471 37474 37475 37478 37479 37481 37483 37490 37491 37494 37495 37497 37498 37499 37515 37517 37518 37519 37523 37527 37529 37531 37534 37539 37555 37559 37561 37563 37575 37577 37579 37581 37582 37583 37591 37593 37595 37597 37598 37607 37609 37611 37670 37671 37675 37680 37682 37686 37687 37701 37702 37703 37708 37710 37711 37712 37715 37720 37721 37723 37724 37725 37726 37727 37728 37730 37731 37732 37733 37735 37736 37737 37739 37746 37747 37748 37750 37751 37752 37753 37754 37755 37766 37767 37770 37775 37776 37778 37782 37783 37786 37788 37790 37791 37792 37795 37796 37803 37808 37810 37814 37815 37818 37831 37832 37834 37835 37836 37837 37838 37839 37847 37850 37852 37854 37863 37864 37867 37936 37938 37941 37942 37943 37964 37966 37967 37971 37975 37980 37981 37982 37983 37984 37986 37990 37992 37993 37995 38000 38002 38003 38004 38007 38008 38009 38010 38011 38028 38030 38031 38039 38044 38046 38064 38071 38088 38089 38091 38092 38093 38094 38095 38103 38108 38110 38119 38120 38123 38192 38200 38256 38264 38265 38276 38277 38281 38284 38285 38286 38296 38297 38300 38301 38302 38320 38328 38329 38336 38340 38341 38342 38345 38348 38349 38350 38352 38360 38361 38364 38365 38366 38370 38372 38373 38374 38376 38377 38436 38437 38438 38441 38450 38451 38452 38453 38454 38456 38457 38458 38468 38469 38470 38471 38472 38473 38476 38477 38478 38487 38488 38491 38492 38493 38494 38495 38496 38498 38499 38500 38501 38502 38503 38507 38512 38514 38515 38516 38517 38518 38532 38533 38534 38536 38537 38539 38540 38541 38542 38543 38544 38547 38551 38552 38553 38556 38557 38558 38559 38560 38563 38567 38576 38579 38583 38584 38585 38587 38592 38594 38596 38597 38598 38600 38603 38604 38605 38606 38607 38608 38611 38615 38616 38617 38619 38621 38622 38626 38628 38629 38630 38631 38694 38697 38704 38706 38710 38714 38724 38725 38726 38728 38729 38733 38734 38736 38744 38745 38748 38749 38750 38752 38754 38756 38757 38758 38768 38770 38772 38773 38774 38790 38794 38800 38802 38804 38805 38806 38812 38813 38814 38816 38818 38820 38821 38824 38825 38832 38834 38838 38841 38842 38848 38850 38853 38854 38856 38857 38860 38861 38862 38864 38866 38868 38870 38872 38873 38874 38876 38877 38884 38885 38886 38890 38953 38954 38962 38966 38967 38970 38990 38991 38994 39001 39002 39003 39005 39006 39007 39010 39011 39013 39014 39015 39017 39018 39026 39027 39029 39031 39035 39055 39058 39061 39062 39063 39066 39070 39071 39074 39075 39077 39078 39081 39083 39090 39098 39106 39107 39110 39111 39114 39117 39118 39125 39126 39127 39130 39134 39138 39141 39142 39143 39145 39147 39206 39207 39208 39209 39211 39216 39218 39221 39222 39223 39226 39237 39238 39239 39244 39247 39248 39251 39255 39256 39260 39262 39263 39264 39266 39267 39268 39280 39282 39285 39286 39287 39288 39289 39290 39301 39302 39303 39308 39310 39314 39317 39318 39319 39328 39330 39331 39332 39333 39334 39344 39346 39349 39350 39360 39367 39368 39376 39378 39382 39383 39392 39394 39395 39397 39398 39399 39400 39461 39462 39463 39465 39467 39474 39475 39477 39478 39482 39483 39493 39494 39495 39497 39507 39511 39515 39538 39539 39557 39558 39559 39561 39565 39566 39567 39571 39575 39587 39603 39607 39618 39619 39621 39635 39639 39650 39651 39718 39719 39721 39723 39728 39730 39734 39735 39738 39749 39750 39751 39760 39763 39767 39768 39771 39776 39794 39795 39814 39815 39818 39824 39826 39829 39830 39831 39840 39842 39843 39844 39845 39846 39847 39848 39856 39858 39862 39863 39872 39874 39875 39876 39890 39894 39904 39906 39907 39972 39973 39974 39984 39990 39992 40004 40005 40006 40007 40008 40009 40010 40011 40012 40013 40014 40015 40016 40018 40019 40020 40022 40023 40024 40025 40026 40027 40028 40029 40030 40031 40032 40034 40035 40036 40037 40038 40039 40040 40041 40043 40048 40050 40051 40052 40053 40054 40055 40056 40057 40058 40059 40068 40069 40070 40071 40072 40073 40074 40075 40076 40080 40082 40083 40084 40086 40087 40088 40096 40098 40099 40100 40103 40104 40112 40114 40115 40116 40117 40118 40119 40120 40128 40130 40131 40132 40133 40134 40135 40144 40146 40147 40148 40150 40151 40160 40162 40163 40164 40165 40166 40168 40230 40240 40242 40246 40250 40262 40268 40270 40272 40280 40281 40284 40285 40286 40288 40290 40292 40293 40294 40296 40297 40304 40306 40326 40330 40336 40338 40341 40342 40352 40354 40356 40357 40358 40360 40368 40370 40374 40384 40386 40388 40389 40390 40392 40406 40416 40418 40420 40421 40422 40496 40498 40516 40517 40518 40520 40521 40522 40528 40530 40531 40532 40534 40536 40537 40538 40544 40546 40547 40562 40563 40580 40581 40582 40584 40585 40586 40588 40589 40592 40594 40595 40596 40598 40600 40608 40610 40611 40612 40614 40616 40624 40626 40627 40628 40629 40630 40632 40640 40642 40643 40644 40645 40646 40648 40656

G6（1354 个）
41766 41767 41769 41773 41775 41776 41778 41782 41783 41789 41791 41796 41797 41798 41799 41800 41803 41804 41805 41806 41807 41815 41817 41819 41820 41821 41822 41823 41824 41826 41827 41828 41829 41830 41832 41833 41835 41837 41838 41839 41840 41842 41843 41844 41845 41847 41848 41849 41850 41851 41852 41853 41854 41862 41863 41865 41867 41869 41871 41878 41879 41880 41881 41882 41883 41884 41885 41886 41887 41888 41892 41894 41895 41900 41901 41903 41904 41910 41911 41913 41915 41917 41927 41928 41929 41930 41931 41932 41933 41934 41935 41943 41944 41945 41946 41947 41948 41949 41950 41959 41960 41963 41964 41965 41966 42296 42352 42361 42364 42365 42366 42380 42381 42382 42396 42397 42398 42424 42425 42428 42429 42430 42440 42441 42444 42445 42446 42457 42460 42461 42462 42464 42466 42468 42469 42470 42472 42473 42476 42477 42478 42533 42537 42541 42543 42544 42546 42547 42548 42549 42550 42552 42553 42554 42558 42559 42565 42567 42569 42571 42573 42575 42583 42584 42585 42589 42590 42591 42595 42599 42605 42607 42608 42610 42611 42612 42614 42615 42616 42619 42622 42629 42631 42633 42635 42637 42639 42648 42649 42651 42654 42659 42671 42672 42675 42679 42680 42681 42683 42685 42686 42711 42712 42715 42717 42718 42723 42725 42727 42729 42731 42733 42790 42797 42800 42802 42806 42810 42820 42822 42824 42828 42830 42841 42845 42846 42852 42853 42854 42856 42857 42861 42862 42864 42866 42868 42870 42872 42876 42878 42886 42893 42902 42905 42906 42908 42910 42912 42914 42916 42918 42920 42924 42925 42926 42928 42930 42937 42938 42948 42952 42956 42958 42966 42968 42969 42972 42974 42976 42978 42980 42982 42984 42988 42990 43311 43312 43315 43319 43320 43323 43375 43376 43379 43383 43384 43385 43387 43390 43396 43397 43398 43400 43401 43404 43405 43406 43407 43415 43416 43424 43427 43440 43443 43447 43460 43464 43479 43480 43488 43490 43491 43492 43494 43496 43571 43575 43719 43751 43815 43837 43839 43847 43855 43875 43879 43891 43896 43897 43910 43911 43913 43927 43928 43943 43972 43973 43975 43976 44000 44003 44004 44005 44006 44069 44073 44077 44079 44082 44083 44084 44088 44089 44090 44092 44093 44094 44095 44103 44105 44107 44109 44111 44119 44121 44123 44124 44125 44126 44127 44144 44146 44147 44148 44149 44151 44152 44153 44154 44155 44156 44157 44165 44167 44169 44171 44173 44183 44184 44195 44199 44211 44215 44216 44229 44231 44247 44248 44259 44261 44263 44336 44345 44349 44408 44409 44412 44422 44425 44429 44440 44448 44484 44485 44488 44504 44512 44514 44516 44517 44518 44589 44592 44594 44604 44605 44606 44613 44617 44621 44623 44632 44633 44636 44637 44638 44639 44643 44645 44649 44656 44658 44659 44660 44662 44664 44665 44666 44677 44681 44685 44696 44723 44741 44760 44771 44773 44844 44845 44846 44848 44850 44860 44861 44862 44868 44869 44870 44872 44873 44876 44877 44878 44888 44889 44892 44896 44898 44900 44901 44902 44904 44905 44912 44914 44916 44933 44934 44936 44937 44940 44941 44948 44949 44950 44952 44964 44966 44976 44978 44980 44996 44997 45012 45609 45619 45621 45622 45623 45625 45643 45646 45647 45651 45655 45657 45659 45661 45662 45663 45666 45667 45669 45670 45673 45675 45682 45685 45687 45689 45690 45691 45705 45707 45709 45710 45711 45715 45719 45721 45723 45725 45726 45727 45735 45747 45751 45753 45755 45767 45769 45771 45773 45774 45775 45783 45785 45787 45789 45790 45801 45803 45860 45861 45862 45863 45865 45872 45874 45877 45878 45879 45893 45894 45895 45902 45903 45904 45907 45927 45929 45931 45936 45938 45939 45940 45941 45942 45944 45945 45946 45947 45957 45959 45962 45964 45966 45967 45968 45970 45974 45975 45978 45980 45982 45983 45984 45986 45987 45990 45991 45992 45993 45995 46000 46002 46005 46006 46007 46010 46023 46024 46025 46026 46027 46028 46030 46031 46039 46042 46044 46046 46055 46056 46057 46058 46059 46120 46121 46123 46128 46130 46133 46134 46135 46138 46158 46159 46160 46163 46167 46168 46169 46172 46173 46174 46175 46176 46178 46179 46180 46181 46182 46183 46184 46187 46192 46194 46195 46196 46197 46198 46199 46201 46202 46203 46220 46222 46223 46231 46236 46238 46239 46240 46243 46247 46256 46263 46279 46280 46281 46283 46284 46285 46286 46287 46295 46300 46302 46312 46313 46315 46384 46392 46393 46456 46468 46469 46470 46473 46476 46477 46478 46488 46489 46492 46493 46494 46496 46520 46521 46530 46533 46534 46536 46537 46540 46541 46542 46544 46552 46553 46556 46560 46564 46565 46566 46569 46628 46629 46630 46633 46640 46642 46643 46644 46645 46646 46648 46649 46650 46660 46661 46662 46663 46664 46667 46668 46670 46671 46672 46675 46679 46680 46681 46685 46686 46687 46688 46690 46691 46692 46693 46694 46695 46696 46697 46704 46706 46707 46708 46709 46710 46711 46712 46713 46724 46725 46726 46727 46728 46731 46732 46733 46734 46735 46736 46739 46743 46745 46747 46748 46749 46750 46751 46752 46755 46771 46776 46777 46786 46787 46788 46790 46791 46792 46795 46796 46797 46803 46808 46818 46820 46821 46822 46823 46824 46884 46885 46886 46896 46900 46901 46902 46904 46906 46916 46917 46918 46921 46924 46925 46928 46936 46937 46940 46944 46946 46948 46949 46950 46952 46953 46962 46964 46968 46980 46981 46982 46984 46985 46992 46994 47000 47002 47004 47005 47006 47008 47010 47012 47013 47014 47017 47024 47026 47028 47032 47033 47042 47044 47045 47048 47049 47050 47052 47053 47054 47056 47058 47060 47064 47065 47068 47072 47074 47077 47078 47080 47081 47145 47154 47157 47158 47159 47162 47182 47187 47189 47190 47191 47193 47194 47195 47197 47199 47202 47203 47205 47206 47207 47209 47210 47211 47218 47219 47221 47222 47223 47225 47226 47246 47247 47250 47253 47254 47255 47262 47263 47267 47269 47270 47271 47282 47285 47286 47287 47298 47299 47301 47302 47305 47306 47307 47309 47310 47311 47314 47317 47319 47322 47330 47331 47334 47335 47337 47396 47397 47398 47399 47400 47401 47403 47408 47410 47413 47414 47415 47418 47429 47430 47431 47436 47438 47439 47440 47443 47447 47448 47449 47452 47453 47454 47456 47458 47459 47460 47461 47462 47463 47464 47465 47467 47472 47474 47475 47476 47478 47479 47480 47481 47482 47483 47493 47494 47495 47498 47502 47503 47504 47506 47509 47510 47511 47522 47526 47527 47528 47536 47538 47541 47542 47543 47552 47554 47555 47556 47557 47558 47559 47568 47570 47573 47574 47584 47586 47587 47588 47589 47591 47592 47653 47654 47655 47657 47666 47667 47670 47671 47673 47685 47686 47687 47691 47703 47705 47707 47730 47731 47749 47750 47751 47753 47759 47763 47767 47783 47795 47810 47811 47813 47815 47827 47843 47908 47909 47910 47911 47912 47913 47915 47922 47925 47926 47927 47930 47941 47942 47943 47952 47955 47971 48006 48007 48021 48022 48023 48032 48035 48036 48037 48038 48039 48050 48064 48066 48067 48068 48069 48070 48071 48072 48080 48082 48096 48098 48099 48164 48165 48166 48168 48169 48170 48176 48178 48179 48180 48181 48182 48184 48185 48186 48196 48197 48198 48199 48200 48201 48202 48203 48204 48205 48206 48207 48208 48210 48211 48212 48213 48214 48215 48216 48217 48218 48219 48220 48221 48222 48223 48224 48226 48227 48228 48229 48230 48231 48232 48233 48235 48242 48243 48244 48245 48246 48247 48248 48249 48250 48251 48260 48261 48262 48263 48264 48265 48266 48267 48268 48269 48272 48274 48275 48276 48277 48278 48279 48280 48288 48290 48291 48292 48293 48295 48296 48304 48306 48307 48308 48309 48310 48311 48312 48320 48322 48323 48324 48325 48326 48327 48328 48336 48338 48339 48340 48341 48342 48343 48344 48352 48354 48355 48356 48357 48358 48359 48420 48421 48422 48424 48425 48432 48434 48437 48438 48442 48453 48454 48460 48462 48464 48472 48473 48476 48480 48482 48484 48485 48486 48488 48489 48496 48498 48500 48504 48505 48517 48518 48522 48524 48528 48530 48533 48534 48544 48546 48548 48549 48550 48552 48560 48562 48576 48578 48580 48581 48582 48584 48592 48594 48608 48610 48612 48613 48614 48616 48690 48714 48722 48723 48724 48726 48728 48729 48730 48736 48738 48739 48752 48754 48755 48772 48773 48774 48776 48777 48780 48781 48784 48786 48790 48792 48800 48803 48804 48806 48816 48818 48819 48820 48824 48832 48834 48835 48836 48837 48838 48848 48850 48851 48852 48856 48864 48866 48867

G7（1417 个）
49956 49960 49961 49962 49963 49970 49971 49973 49974 49982 49983 49990 49991 49992 50004 50005 50006 50007 50008 50009 50011 50012 50013 50015 50016 50018 50019 50022 50023 50024 50029 50030 50031 50032 50034 50035 50036 50037 50038 50039 50041 50042 50043 50044 50045 50046 50052 50053 50054 50058 50059 50060 50061 50071 50072 50073 50078 50079 50080 50082 50083 50084 50087 50088 50089 50090 50091 50092 50093 50094 50095 50096 50098 50099 50101 50102 50103 50104 50105 50106 50107 50108 50109 50110 50119 50120 50121 50122 50123 50124 50125 50126 50127 50135 50136 50137 50138 50139 50140 50141 50142 50151 50152 50153 50154 50155 50156 50157 50158 50468 50472 50476 50478 50484 50486 50488 50490 50492 50500 50502 50504 50510 50526 50530 50532 50534 50536 50542 50544 50546 50548 50550 50552 50556 50558 50572 50574 50588 50590 50596 50600 50604 50606 50612 50616 50618 50620 50622 50628 50630 50632 50634 50636 50638 50646 50648 50650 50652 50654 50656 50658 50660 50662 50664 50666 50668 50670 50736 50738 50740 50742 50744 50748 50750 50772 50774 50776 50782 50800 50802 50804 50806 50808 50814 50836 50838 50840 50844 50846 50864 50866 50868 50870 50872 50876 50878 50900 50902 50904 50908 50910 50980 50982 50984 50986 50988 50990 50992 50994 50996 50998 51002 51004 51006 51012 51014 51016 51018 51020 51022 51028 51030 51032 51034 51036 51040 51042 51044 51046 51048 51054 51056 51058 51060 51062 51064 51066 51070 51078 51080 51082 51086 51092 51094 51096 51100 51102 51104 51106 51108 51112 51114 51116 51118 51122 51124 51126 51130 51132 51134 51140 51142 51144 51146 51148 51150 51156 51160 51162 51164 51166 51170 51172 51174 51176 51178 51180 51182 51492 51493 51494 51495 51496 51497 51499 51500 51501 51502 51503 51504 51506 51507 51508 51509 51510 51511 51512 51513 51514 51517 51518 51519 51524 51525 51526 51527 51531 51532 51533 51534 51535 51543 51544 51545 51548 51549 51550 51551 51552 51554 51556 51557 51558 51559 51560 51561 51563 51565 51566 51568 51570 51571 51572 51573 51574 51575 51576 51577 51578 51579 51580 51581 51588 51589 51590 51591 51592 51593 51594 51595 51598 51599 51604 51605 51606 51607 51608 51616 51618 51619 51620 51621 51623 51624 51632 51634 51635 51636 51637 51638 51639 51640 51652 51653 51654 51655 51656 51668 51670 51671 51680 51682 51683 51684 51685 51686 51688 51751 51753 51759 51762 51763 51765 51767 51769 51770 51771 51773 51774 51775 51781 51783 51785 51787 51791 51799 51801 51803 51805 51806 51807 51826 51827 51831 51833 51834 51835 51845 51847 51849 51851 51853 51855 51863 51875 51891 51895 51909 51911 51927 51939 51941 51943 52004 52005 52006 52007 52008 52009 52011 52012 52013 52014 52015 52016 52018 52019 52020 52021 52022 52023 52024 52025 52026 52027 52028 52029 52030 52031 52036 52037 52038 52039 52040 52041 52043 52044 52045 52046 52047 52055 52056 52057 52059 52060 52061 52063 52064 52066 52067 52068 52069 52070 52071 52072 52073 52075 52082 52083 52084 52085 52086 52087 52088 52089 52090 52091 52100 52101 52102 52103 52104 52105 52106 52107 52108 52109 52116 52117 52118 52119 52120 52128 52130 52131 52132 52133 52135 52136 52144 52146 52147 52148 52149 52150 52151 52152 52164 52165 52166 52167 52168 52180 52181 52182 52183 52184 52192 52194 52195 52196 52197 52198 52199 52272 52274 52276 52278 52280 52282 52284 52286 52308 52310 52312 52314 52316 52318 52336 52338 52344 52346 52348 52372 52374 52376 52400 52402 52404 52408 52436 52438 52516 52518 52520 52524 52526 52528 52530 52532 52534 52536 52538 52540 52542 52548 52550 52552 52556 52558 52568 52572 52574 52576 52578 52580 52582 52584 52592 52594 52596 52598 52600 52602 52604 52612 52614 52616 52618 52620 52628 52630 52632 52640 52642 52644 52648 52656 52658 52660 52662 52664 52676 52678 52680 52692 52694 52696 52704 52706 52708 52710 52712 52784 52786 52796 52798 52820 52824 52826 52828 52830 52848 52850 52852 52854 52856 52858 52884 52886 52888 52912 52914 52916 52918 52948 52950 52952 53036 53038 53042 53052 53054 53060 53062 53064 53066 53068 53070 53076 53078 53080 53082 53084 53086 53088 53090 53092 53094 53096 53104 53106 53108 53110 53124 53126 53128 53130 53132 53140 53142 53144 53152 53154 53156 53160 53168 53170 53172 53174 53188 53190 53192 53204 53206 53801 53803 53810 53811 53813 53814 53815 53817 53818 53819 53837 53838 53839 53843 53847 53849 53851 53853 53854 53855 53858 53859 53861 53862 53863 53867 53874 53875 53878 53879 53881 53882 53883 53897 53901 53902 53903 53907 53911 53913 53915 53918 53923 53939 53943 53947 53959 53961 53963 53965 53966 53967 53975 53977 53979 53981 53982 53991 53993 53995 54052 54053 54054 54055 54056 54057 54059 54064 54066 54069 54070 54071 54074 54085 54086 54087 54094 54095 54096 54099 54103 54104 54105 54108 54109 54110 54111 54112 54114 54115 54116 54117 54118 54119 54121 54123 54128 54130 54131 54132 54133 54134 54135 54136 54138 54139 54149 54150 54151 54154 54156 54158 54159 54160 54162 54166 54170 54172 54174 54175 54176 54178 54179 54183 54184 54187 54192 54194 54198 54199 54202 54215 54216 54217 54218 54220 54221 54222 54223 54231 54234 54236 54238 54247 54248 54251 54312 54320 54322 54326 54330 54352 54360 54366 54368 54370 54372 54374 54376 54384 54386 54388 54390 54392 54412 54414 54428 54430 54448 54472 54476 54478 54492 54494 54504 54576 54584 54648 54660 54662 54664 54668 54670 54680 54684 54686 54688 54712 54722 54724 54728 54732 54734 54736 54744 54748 54752 54754 54758 54760 54820 54822 54832 54834 54836 54838 54840 54842 54852 54854 54856 54860 54862 54864 54872 54876 54880 54882 54884 54886 54888 54896 54900 54902 54904 54906 54916 54918 54920 54924 54926 54928 54936 54940 54942 54944 54978 54980 54982 54984 54990 54992 55000 55004 55008 55010 55012 55014 55016 55076 55078 55088 55090 55092 55094 55096 55098 55108 55110 55116 55118 55120 55128 55132 55136 55138 55140 55142 55144 55152 55154 55156 55160 55172 55174 55176 55178 55182 55184 55186 55188 55190 55192 55194 55196 55198 55202 55204 55206 55208 55216 55218 55220 55232 55234 55236 55238 55242 55244 55246 55248 55250 55252 55256 55260 55264 55266 55268 55272 55337 55338 55346 55349 55350 55351 55354 55374 55375 55378 55379 55381 55382 55383 55385 55386 55387 55389 55390 55391 55394 55395 55397 55398 55399 55401 55402 55410 55411 55413 55414 55415 55417 55418 55419 55434 55439 55442 55446 55447 55450 55454 55455 55458 55459 55461 55462 55463 55465 55474 55477 55478 55479 55490 55491 55493 55494 55495 55498 55499 55501 55502 55503 55506 55509 55510 55511 55514 55518 55522 55523 55525 55526 55529 55530 55531 55588 55589 55590 55591 55592 55593 55595 55600 55602 55605 55606 55607 55610 55621 55622 55623 55628 55630 55631 55632 55635 55639 55640 55641 55644 55645 55646 55647 55648 55650 55651 55652 55653 55654 55655 55656 55657 55659 55664 55666 55667 55668 55669 55670 55671 55672 55673 55674 55675 55685 55686 55687 55690 55698 55701 55702 55703 55712 55714 55715 55716 55717 55718 55719 55720 55728 55730 55733 55734 55735 55744 55746 55747 55748 55749 55750 55751 55752 55760 55762 55765 55766 55767 55776 55780 55781 55782 55783 55845 55846 55847 55849 55851 55858 55859 55861 55862 55863 55865 55866 55867 55877 55878 55883 55891 55895 55922 55923 55941 55942 55943 55945 55947 55949 55950 55955 55959 55971 55975 56002 56003 56005 56007 56019 56034 56035 56101 56102 56103 56104 56107 56117 56118 56119 56122 56133 56134 56135 56144 56147 56152 56162 56163 56178 56179 56197 56198 56199 56202 56204 56208 56210 56213 56214 56224 56226 56227 56228 56229 56230 56231 56232 56240 56242 56258 56259 56260 56261 56262 56263 56264 56272 56274 56288 56290 56291 56356 56358 56360 56362 56368 56370 56372 56374 56376 56378 56388 56390 56392 56394 56396 56398 56400 56402 56404 56406 56408 56410 56412 56414 56416 56418 56420 56422 56424 56432 56434 56436 56438 56440 56442 56452 56454 56456 56458 56460 56464 56466 56468 56470 56472 56480 56482 56484 56488 56496 56498 56500 56502 56504 56512 56514 56516 56518 56520 56528 56530 56532 56534 56536 56544 56546 56548 56550 56552 56612 56614 56616 56624 56626 56630 56634 56646 56652 56654 56656 56664 56668 56672 56674 56676 56678 56680 56688 56690 56692 56696 56710 56714 56716 56720 56722 56726 56736 56738 56740 56742 56744 56752 56754 56770 56772 56774 56776 56802 56804 56806 56808 56882 56900 56902 56904 56906 56912 56914 56916 56918 56920 56922 56928 56930 56944 56946 56964 56966 56970 56972 56976 56980 56982 56984 56992 56994 57000 57008 57010 57012 57016 57024 57026 57028 57030 57032 57042 57044 57048 57058

G8（869 个）
58150 58153 58154 58160 58162 58166 58169 58170 58180 58181 58182 58183 58184 58185 58186 58187 58188 58191 58196 58198 58199 58200 58201 58202 58203 58205 58206 58207 58208 58210 58213 58214 58215 58216 58217 58218 58221 58222 58223 58224 58226 58227 58228 58230 58231 58232 58233 58236 58246 58247 58250 58251 58253 58255 58260 58261 58262 58263 58266 58267 58268 58269 58270 58271 58272 58274 58275 58276 58277 58278 58280 58281 58284 58285 58286 58287 58288 58295 58297 58298 58299 58312 58314 58327 58328 58329 58330 58331 58332 58333 58334 58343 58344 58345 58346 58347 58348 58349 58350 58660 58662 58664 58668 58670 58676 58680 58682 58684 58686 58692 58694 58700 58712 58716 58720 58722 58726 58728 58736 58738 58740 58742 58744 58746 58750 58764 58766 58780 58782 58790 58792 58814 58836 58840 58842 58844 58846 58848 58928 58930 58942 58970 58972 58992 59000 59002 59004 59028 59032 59034 59056 59058 59060 59062 59064 59066 59068 59070 59092 59094 59096 59098 59100 59102 59184 59186 59204 59206 59208 59210 59212 59214 59222 59224 59226 59228 59230 59232 59234 59236 59238 59240 59242 59250 59252 59254 59256 59258 59260 59270 59274 59284 59286 59298 59318 59332 59334 59336 59340 59342 59348 59350 59354 59356 59358 59362 59364 59366 59368 59372 59684 59692 59693 59694 59700 59702 59704 59705 59706 59710 59716 59718 59719 59720 59723 59724 59726 59735 59736 59737 59740 59741 59742 59743 59744 59746 59747 59748 59750 59751 59752 59753 59755 59757 59762 59763 59764 59765 59766 59770 59771 59772 59773 59774 59800 59808 59810 59811 59812 59814 59815 59816 59824 59826 59827 59828 59829 59830 59831 59832 59844 59845 59846 59847 59872 59874 59880 59951 59954 59955 59961 60018 60019 60027 60039 60055 60083 60101 60103 60131 60133 60135 60214 60217 60218 60221 60223 60228 60229 60230 60231 60232 60233 60235 60236 60237 60238 60239 60248 60249 60252 60256 60258 60259 60260 60261 60262 60263 60280 60281 60294 60295 60297 60299 60301 60308 60309 60310 60311 60312 60320 60323 60324 60325 60326 60327 60336 60338 60356 60357 60358 60359 60360 61042 61104 61106 61993 61994 62005 62006 62009 62010 62027 62030 62034 62035 62038 62041 62042 62043 62045 62046 62050 62051 62054 62055 62058 62066 62067 62070 62073 62090 62091 62093 62094 62095 62098 62102 62103 62105 62106 62107 62110 62114 62115 62118 62123 62130 62133 62135 62138 62139 62151 62153 62154 62155 62157 62158 62159 62167 62169 62170 62173 62174 62183 62185 62186 62187 62262 62265 62266 62276 62277 62279 62280 62281 62282 62283 62284 62285 62288 62290 62291 62292 62322 62324 62325 62328 62329 62330 62342 62343 62345 62349 62352 62354 62355 62356 62358 62359 62360 62363 62364 62365 62366 62367 62371 62372 62379 62384 62386 62390 62393 62394 62395 62407 62408 62409 62412 62413 62414 62426 62427 62428 62429 62430 62439 62440 62443 62504 62506 62512 62514 62516 62518 62520 62522 62536 62538 62540 62544 62546 62548 62550 62552 62554 62556 62560 62562 62564 62566 62568 62570 62576 62578 62580 62582 62584 62586 62600 62602 62604 62606 62612 62614 62616 62620 62622 62624 62626 62628 62630 62632 62642 62644 62646 62670 62680 62682 62684 62686 62696 62768 62770 62772 62774 62776 62788 62790 62792 62796 62808 62812 62816 62818 62820 62822 62824 62834 62836 62840 62852 62854 62856 62858 62862 62868 62870 62872 62874 62876 62878 62882 62884 62886 62888 62896 62898 62900 62904 62912 62914 62916 62918 62922 62924 62926 62928 62930 62932 62936 62940 62944 62946 62948 62952 63026 63044 63046 63048 63050 63052 63054 63056 63058 63060 63062 63064 63066 63068 63070 63072 63074 63076 63078 63080 63082 63088 63090 63092 63094 63096 63098 63108 63110 63112 63114 63116 63118 63120 63122 63124 63126 63128 63130 63134 63136 63138 63140 63142 63144 63152 63154 63156 63160 63168 63170 63172 63174 63176 63182 63184 63186 63188 63196 63200 63202 63204 63206 63208 63529 63530 63538 63542 63545 63546 63561 63563 63565 63566 63567 63570 63571 63574 63575 63578 63579 63581 63582 63583 63586 63590 63591 63593 63594 63595 63602 63603 63605 63606 63609 63610 63625 63626 63627 63634 63635 63638 63639 63641 63642 63643 63645 63650 63651 63654 63655 63666 63670 63673 63674 63675 63682 63683 63685 63686 63687 63690 63693 63694 63698 63699 63702 63705 63707 63780 63782 63784 63792 63794 63795 63798 63800 63801 63802 63812 63814 63815 63816 63819 63820 63822 63824 63830 63831 63832 63833 63834 63836 63837 63838 63842 63843 63844 63845 63846 63847 63848 63849 63850 63851 63856 63858 63859 63860 63861 63862 63864 63865 63866 63867 63876 63877 63878 63879 63880 63884 63885 63886 63888 63890 63891 63892 63894 63895 63896 63904 63906 63908 63910 63911 63912 63920 63922 63923 63924 63925 63926 63927 63928 63938 63939 63940 63941 63942 63943 63944 63952 63954 63955 63956 63958 63959 63970 63971 63972 63974 63975 63976 64038 64050 64051 64054 64057 64058 64114 64115 64134 64135 64142 64150 64178 64179 64194 64195 64197 64199 64210 64211 64226 64227 64562 64580 64582 64584 64586 64588 64590 64592 64594 64596 64598 64600 64602 64604 64606 64610 64612 64614 64616 64626 64628 64634 64644 64646 64648 64650 64652 64656 64658 64660 64664 64674 64676 64688 64690 64692 64694 64696 64706 64708 64710 64712 64722 64724 64738 64740 64742 64744