d 候选 共 13363 个

G1（974 个）
777 781 808 809 812 813 828 829 844 845 860 861 872 876 877 892 893 898 902 904 905 906 907 908 909 914 915 916 917 918 919 920 921 924 925 930 931 932 933 934 935 936 937 938 939 940 941 946 947 948 949 950 951 952 953 957 964 965 966 968 969 970 973 978 979 980 981 982 983 984 985 988 989 994 996 997 998 1003 1004 1291 1293 1323 1324 1325 1336 1337 1340 1341 1355 1356 1357 1384 1385 1386 1389 1400 1401 1404 1405 1410 1411 1412 1413 1414 1415 1416 1417 1418 1419 1420 1421 1426 1427 1428 1429 1430 1431 1432 1433 1434 1435 1436 1437 1442 1446 1447 1448 1449 1453 1458 1459 1460 1461 1462 1463 1464 1465 1466 1468 1469 1474 1475 1476 1477 1478 1479 1480 1481 1482 1483 1484 1490 1491 1492 1494 1495 1496 1497 1498 1499 1506 1507 1508 1509 1510 1511 1512 1513 1514 1545 1547 1549 1577 1579 1581 1583 1592 1593 1594 1595 1596 1597 1598 1609 1611 1613 1615 1624 1625 1626 1627 1628 1629 1630 1631 1641 1643 1645 1647 1656 1657 1658 1659 1660 1661 1662 1667 1669 1671 1673 1675 1677 1679 1683 1684 1685 1686 1687 1688 1689 1690 1691 1692 1693 1694 1695 1699 1701 1703 1705 1709 1711 1714 1715 1716 1717 1718 1719 1720 1721 1722 1724 1725 1726 1731 1733 1735 1737 1739 1741 1743 1746 1747 1748 1749 1750 1751 1752 1753 1754 1755 1756 1767 1769 1771 1801 1804 1805 1832 1833 1836 1837 1852 1853 1864 1865 1868 1869 1884 1885 1896 1897 1900 1901 1916 1917 1922 1924 1925 1926 1928 1929 1930 1931 1932 1933 1938 1939 1940 1941 1942 1943 1944 1945 1948 1949 1952 1954 1955 1956 1957 1958 1959 1960 1961 1962 1963 1964 1965 1968 1970 1971 1972 1973 1974 1975 1976 1977 1981 1986 1988 1989 1990 1992 1993 1994 1995 1996 1997 2002 2003 2004 2005 2006 2007 2008 2009 2012 2013 2018 2020 2021 2022 2027 2028 2307 2311 2315 2317 2339 2342 2347 2348 2349 2352 2354 2355 2356 2357 2359 2360 2361 2364 2365 2371 2374 2375 2379 2380 2381 2387 2390 2391 2392 2393 2396 2397 2405 2406 2407 2411 2412 2413 2419 2420 2421 2423 2424 2425 2428 2429 2434 2435 2436 2437 2438 2439 2440 2441 2442 2443 2444 2445 2453 2454 2455 2456 2459 2460 2461 2466 2467 2468 2469 2470 2471 2472 2473 2474 2475 2476 2477 2480 2482 2483 2484 2485 2486 2487 2488 2489 2490 2492 2493 2496 2498 2502 2503 2504 2505 2507 2508 2509 2512 2514 2515 2516 2517 2518 2519 2521 2522 2523 2524 2525 2528 2530 2531 2532 2533 2534 2535 2536 2537 2538 2539 2540 2541 2567 2571 2573 2595 2599 2603 2605 2607 2610 2611 2612 2613 2614 2616 2617 2618 2619 2620 2621 2622 2623 2627 2631 2635 2637 2639 2643 2646 2647 2648 2649 2651 2652 2653 2654 2659 2661 2663 2665 2667 2669 2671 2674 2676 2677 2678 2679 2680 2681 2682 2683 2684 2685 2686 2691 2695 2699 2701 2707 2710 2711 2712 2713 2714 2715 2716 2717 2718 2719 2723 2727 2755 2757 2759 2761 2763 2765 2767 2770 2771 2772 2775 2777 2778 2779 2780 2781 2782 2783 2787 2789 2791 2795 2797 2799 2819 2821 2822 2823 2825 2828 2829 2850 2851 2852 2853 2854 2855 2856 2860 2861 2864 2866 2867 2868 2869 2870 2871 2876 2877 2882 2883 2884 2885 2886 2888 2889 2892 2893 2896 2898 2899 2900 2903 2908 2909 2914 2918 2919 2920 2921 2924 2925 2928 2930 2931 2933 2934 2935 2940 2941 2946 2948 2949 2950 2951 2952 2953 2954 2955 2956 2957 2960 2963 2964 2965 2966 2967 2968 2969 2972 2973 2978 2979 2980 2981 2982 2983 2984 2985 2987 2988 2989 2994 2995 2996 2997 2998 2999 3001 3004 3005 3010 3011 3012 3013 3014 3015 3016 3017 3018 3019 3020 3021 3027 3028 3029 3030 3031 3032 3033 3036 3037 3040 3042 3043 3044 3045 3046 3047 3048 3049 3050 3051 3052 3053 3077 3081 3083 3085 3107 3109 3111 3113 3115 3117 3119 3122 3123 3124 3125 3126 3127 3128 3130 3131 3132 3133 3134 3139 3141 3143 3145 3147 3149 3151 3154 3155 3156 3157 3158 3160 3161 3162 3163 3164 3165 3166 3167 3171 3173 3175 3177 3179 3181 3183 3186 3187 3188 3190 3191 3192 3193 3194 3195 3196 3197 3198 3203 3205 3207 3209 3211 3213 3215 3218 3220 3221 3222 3223 3224 3225 3226 3227 3228 3229 3230 3231 3235 3237 3239 3241 3243 3245 3247 3251 3252 3253 3254 3255 3256 3257 3258 3260 3261 3262 3263 3267 3269 3271 3273 3275 3277 3279 3282 3283 3284 3285 3286 3287 3288 3289 3290 3291 3292 3293 3294 3295 3299 3301 3303 3305 3307 3309 3331 3333 3334 3335 3337 3338 3339 3340 3362 3366 3367 3368 3369 3370 3372 3373 3376 3378 3379 3380 3381 3382 3383 3384 3385 3388 3389 3394 3395 3396 3397 3398 3399 3400 3402 3403 3404 3405 3408 3410 3411 3412 3415 3417 3420 3421 3426 3427 3428 3429 3432 3433 3434 3435 3436 3437 3440 3442 3443 3444 3445 3447 3448 3449 3452 3453 3458 3459 3460 3462 3463 3464 3465 3466 3467 3468 3469 3472 3474 3475 3477 3478 3479 3483 3484 3485 3488 3490 3492 3493 3494 3495 3496 3497 3498 3499 3500 3501 3507 3508 3509 3510 3511 3512 3513 3514 3516 3517 3522 3523 3524 3525 3526 3527 3528 3529 3530 3531 3532 3533 3538 3539 3540 3541 3542 3543 3544 3545 3546 3547 3548 3554 3555 3556 3557 3558 3559 3560 3561 3562 3563 3564

G2（2238 个）
8747 8749 8751 8760 8761 8762 8763 8764 8765 8766 8767 8779 8781 8783 8792 8793 8794 8795 8796 8797 8798 8799 8809 8811 8813 8815 8824 8825 8826 8827 8828 8829 8830 8839 8843 8845 8847 8851 8854 8855 8856 8857 8858 8859 8860 8861 8862 8863 8867 8871 8879 8882 8883 8884 8886 8887 8888 8889 8892 8894 8895 8901 8903 8905 8907 8909 8911 8914 8915 8916 8918 8919 8920 8921 8922 8924 8931 8933 8935 8937 8939 8969 8973 9001 9004 9005 9020 9021 9032 9036 9037 9052 9053 9064 9068 9084 9085 9090 9091 9092 9093 9094 9095 9096 9097 9098 9099 9100 9101 9106 9107 9108 9109 9110 9111 9112 9113 9116 9117 9122 9123 9124 9125 9126 9127 9128 9129 9131 9132 9133 9138 9139 9140 9141 9142 9143 9144 9145 9148 9149 9154 9155 9157 9158 9159 9160 9161 9162 9163 9170 9171 9172 9174 9175 9176 9177 9186 9187 9188 9189 9190 9191 9192 9193 9194 9259 9263 9272 9273 9274 9275 9276 9278 9279 9291 9295 9304 9305 9306 9307 9308 9310 9311 9323 9327 9336 9337 9338 9339 9340 9342 9347 9351 9355 9359 9366 9370 9371 9374 9375 9379 9383 9391 9394 9395 9396 9398 9401 9402 9404 9411 9413 9415 9417 9419 9443 9445 9447 9449 9483 9485 9516 9528 9529 9532 9548 9560 9564 9576 9580 9592 9593 9596 9597 9602 9606 9607 9608 9609 9610 9612 9613 9618 9619 9620 9622 9623 9624 9625 9626 9627 9628 9629 9634 9635 9638 9639 9640 9644 9650 9651 9652 9654 9657 9658 9659 9666 9667 9668 9669 9670 9671 9672 9673 9674 9682 9683 9684 9686 9687 9688 9689 9698 9699 9700 9701 9702 9703 9704 9737 9739 9741 9743 9769 9771 9773 9775 9784 9785 9786 9787 9788 9789 9790 9791 9803 9805 9807 9816 9817 9818 9819 9820 9821 9822 9823 9833 9835 9837 9839 9848 9849 9850 9851 9852 9853 9854 9859 9861 9863 9865 9867 9869 9871 9874 9875 9876 9878 9879 9880 9881 9882 9883 9884 9885 9886 9887 9891 9895 9903 9906 9907 9908 9910 9911 9912 9913 9914 9915 9916 9923 9925 9927 9929 9931 9938 9939 9940 9942 9943 9944 9945 9946 9955 9957 9959 9961 9996 10024 10025 10028 10029 10044 10045 10056 10057 10060 10061 10076 10077 10088 10089 10092 10093 10108 10109 10115 10116 10117 10118 10119 10120 10121 10122 10123 10124 10125 10130 10131 10132 10134 10135 10136 10137 10140 10141 10144 10146 10147 10148 10150 10151 10152 10155 10156 10157 10160 10162 10163 10164 10165 10166 10167 10168 10169 10172 10173 10176 10178 10179 10180 10181 10182 10183 10184 10185 10186 10187 10188 10192 10194 10195 10196 10198 10199 10208 10210 10211 10214 10215 10216 10275 10279 10283 10285 10287 10290 10291 10292 10293 10294 10296 10297 10298 10299 10300 10301 10302 10303 10307 10311 10315 10317 10319 10323 10326 10327 10328 10329 10330 10331 10332 10333 10334 10335 10339 10341 10343 10345 10347 10349 10351 10356 10357 10358 10359 10360 10361 10362 10363 10364 10365 10366 10375 10379 10381 10383 10387 10390 10391 10392 10393 10394 10395 10396 10397 10398 10399 10407 10415 10418 10419 10420 10422 10423 10424 10425 10427 10428 10429 10430 10431 10435 10437 10439 10441 10443 10445 10447 10450 10451 10452 10454 10455 10456 10457 10458 10459 10460 10467 10469 10471 10473 10475 10499 10503 10509 10531 10534 10535 10540 10544 10546 10547 10548 10550 10551 10553 10556 10563 10566 10572 10584 10588 10592 10594 10595 10596 10598 10599 10600 10604 10611 10614 10615 10616 10617 10620 10621 10628 10629 10630 10631 10632 10633 10634 10635 10636 10637 10640 10646 10647 10648 10649 10650 10651 10652 10653 10656 10659 10660 10662 10663 10664 10668 10674 10675 10676 10678 10679 10680 10681 10682 10683 10684 10685 10688 10690 10691 10692 10693 10694 10695 10696 10697 10698 10699 10700 10701 10704 10706 10707 10708 10710 10711 10712 10713 10714 10715 10716 10720 10722 10723 10724 10726 10727 10728 10731 10732 10755 10759 10763 10765 10767 10787 10791 10799 10802 10803 10804 10806 10807 10808 10811 10812 10814 10819 10823 10840 10844 10846 10847 10851 10855 10863 10866 10867 10868 10870 10871 10872 10875 10876 10883 10887 10904 10908 10940 10943 10947 10951 10959 10972 10974 10975 10979 10983 10991 11011 11013 11014 11015 11017 11020 11042 11043 11044 11046 11047 11048 11052 11056 11058 11059 11060 11062 11063 11068 11069 11074 11075 11076 11078 11079 11080 11084 11106 11107 11108 11110 11112 11116 11120 11122 11123 11124 11127 11132 11133 11138 11139 11140 11142 11143 11144 11145 11147 11148 11149 11152 11154 11155 11158 11159 11161 11164 11165 11168 11172 11174 11175 11180 11184 11188 11190 11191 11192 11193 11196 11197 11200 11203 11204 11205 11206 11207 11208 11209 11210 11211 11212 11213 11218 11219 11222 11223 11224 11225 11228 11232 11234 11238 11239 11240 11241 11243 11244 11245 11267 11269 11271 11273 11275 11277 11279 11299 11301 11303 11305 11307 11309 11311 11314 11315 11317 11318 11319 11320 11321 11322 11324 11325 11326 11327 11331 11333 11335 11337 11339 11341 11343 11346 11347 11348 11350 11351 11352 11354 11355 11356 11357 11358 11359 11363 11365 11367 11369 11371 11373 11375 11378 11379 11380 11381 11382 11384 11385 11386 11387 11388 11389 11390 11395 11397 11399 11401 11403 11405 11407 11410 11411 11412 11414 11415 11416 11417 11418 11419 11420 11421 11422 11423 11427 11431 11439 11444 11446 11447 11451 11452 11453 11454 11455 11461 11463 11465 11467 11469 11471 11491 11493 11495 11497 11499 11501 11503 11523 11525 11526 11527 11529 11530 11531 11532 11533 11554 11555 11556 11558 11559 11560 11564 11568 11570 11571 11572 11574 11575 11576 11577 11581 11586 11587 11588 11590 11591 11592 11596 11600 11612 11618 11619 11620 11622 11623 11624 11628 11632 11634 11635 11636 11638 11639 11641 11644 11645 11650 11651 11652 11653 11654 11656 11657 11658 11659 11660 11661 11666 11667 11668 11671 11672 11673 11674 11675 11676 11677 11680 11682 11683 11684 11686 11687 11688 11692 11696 11698 11699 11702 11705 11706 11707 11708 11709 11716 11717 11718 11719 11720 11721 11722 11723 11724 11725 11732 11734 11735 11736 11737 11738 11739 11740 11748 11749 11750 11751 11752 11753 11754 11755 11756 11757 12840 12841 12842 12843 12844 12845 12846 12847 12856 12857 12858 12859 12860 12861 12862 12863 12872 12874 12875 12877 12878 12879 12888 12889 12890 12891 12892 12893 12894 12895 12904 12905 12906 12907 12908 12909 12910 12911 12920 12921 12922 12923 12924 12925 12926 12930 12931 12932 12933 12934 12935 12936 12937 12938 12939 12940 12941 12942 12943 12946 12947 12948 12950 12951 12952 12953 12954 12955 12956 12957 12958 12959 12962 12963 12964 12966 12967 12968 12972 12974 12975 12978 12979 12980 12982 12983 12984 12985 12986 12988 12989 12991 12994 12998 12999 13000 13001 13002 13003 13004 13010 13011 13012 13014 13015 13016 13017 13018 13019 13026 13027 13028 13029 13030 13031 13032 13033 13034 13065 13069 13097 13101 13132 13148 13149 13160 13161 13164 13165 13180 13181 13186 13190 13191 13194 13202 13205 13206 13207 13212 13218 13219 13220 13221 13222 13223 13227 13228 13229 13234 13238 13239 13250 13251 13252 13253 13254 13255 13256 13257 13258 13259 13266 13270 13271 13282 13283 13284 13285 13286 13287 13288 13289 13352 13353 13354 13355 13357 13358 13359 13370 13372 13374 13375 13386 13388 13390 13391 13400 13401 13402 13403 13404 13405 13406 13407 13416 13417 13418 13419 13420 13421 13422 13423 13432 13433 13434 13435 13436 13437 13438 13442 13445 13446 13447 13450 13452 13454 13458 13462 13463 13466 13468 13471 13474 13475 13476 13478 13479 13480 13484 13490 13494 13495 13498 13506 13507 13508 13509 13510 13511 13512 13513 13514 13522 13526 13527 13538 13539 13540 13541 13542 13543 13544 13577 13579 13581 13608 13612 13624 13625 13628 13640 13644 13660 13672 13676 13692 13693 13698 13699 13700 13701 13702 13703 13705 13706 13707 13708 13709 13714 13715 13716 13718 13719 13720 13722 13723 13724 13730 13731 13732 13734 13735 13736 13746 13747 13748 13750 13751 13752 13753 13754 13762 13763 13764 13765 13766 13767 13768 13769 13778 13779 13780 13782 13783 13784 13834 13835 13836 13837 13838 13839 13864 13865 13866 13867 13868 13869 13870 13871 13880 13881 13882 13883 13884 13885 13886 13887 13896 13898 13899 13900 13901 13902 13903 13912 13913 13914 13915 13916 13917 13918 13919 13928 13929 13930 13931 13933 13934 13935 13944 13945 13946 13947 13948 13949 13950 13954 13955 13956 13957 13958 13959 13960 13961 13962 13963 13964 13965 13966 13967 13970 13971 13972 13974 13975 13976 13977 13978 13979 13981 13983 13986 13987 13988 13990 13991 13992 13996 14002 14003 14004 14006 14007 14008 14009 14010 14011 14018 14019 14020 14021 14022 14023 14024 14026 14034 14035 14036 14038 14039 14050 14051 14052 14053 14054 14055 14056 14089 14093 14121 14141 14152 14153 14156 14157 14172 14173 14184 14185 14188 14189 14204 14205 14214 14215 14217 14218 14219 14221 14224 14226 14227 14228 14229 14230 14231 14232 14233 14236 14237 14242 14243 14244 14245 14246 14247 14248 14249 14250 14251 14252 14253 14256 14258 14262 14263 14265 14272 14274 14275 14276 14277 14278 14279 14281 14282 14283 14288 14290 14291 14292 14294 14295 14296 14297 14306 14307 14308 14309 14312 14313 14370 14374 14375 14378 14379 14381 14383 14386 14390 14391 14394 14402 14406 14410 14412 14414 14415 14418 14419 14420 14421 14423 14424 14425 14426 14427 14428 14429 14430 14431 14434 14435 14436 14438 14439 14440 14441 14442 14443 14444 14445 14446 14447 14450 14453 14454 14455 14456 14457 14458 14459 14460 14461 14462 14470 14471 14474 14479 14485 14486 14487 14490 14492 14494 14495 14498 14499 14500 14501 14502 14503 14504 14505 14507 14508 14509 14510 14511 14514 14518 14519 14522 14527 14530 14531 14532 14533 14534 14535 14536 14537 14538 14539 14540 14546 14549 14550 14551 14554 14562 14563 14564 14565 14566 14567 14568 14569 14570 14595 14597 14599 14601 14603 14605 14626 14627 14628 14629 14630 14631 14632 14633 14635 14636 14637 14645 14646 14647 14652 14658 14661 14662 14663 14666 14668 14672 14674 14675 14676 14678 14680 14681 14684 14685 14688 14690 14691 14692 14693 14695 14696 14697 14698 14699 14701 14704 14706 14707 14708 14710 14711 14712 14713 14716 14717 14722 14725 14726 14727 14730 14732 14736 14741 14742 14743 14746 14756 14757 14758 14759 14761 14762 14763 14764 14765 14768 14770 14773 14774 14775 14778 14780 14786 14787 14788 14789 14790 14791 14792 14793 14794 14795 14796 14797 14800 14802 14806 14807 14810 14812 14818 14819 14820 14821 14822 14823 14824 14825 14826 14827 14851 14853 14854 14855 14857 14858 14859 14860 14862 14863 14882 14886 14887 14888 14889 14892 14893 14894 14895 14898 14899 14900 14901 14902 14903 14904 14905 14907 14908 14909 14910 14911 14914 14915 14916 14917 14918 14919 14920 14922 14923 14924 14925 14926 14927 14930 14931 14932 14934 14935 14937 14938 14939 14941 14942 14943 14946 14947 14948 14949 14950 14952 14953 14954 14955 14956 14957 14958 14959 14962 14963 14964 14967 14968 14969 14970 14971 14972 14974 14978 14979 14980 14982 14983 14984 14985 14987 14988 14989 14990 14991 14994 14998 14999 15000 15001 15002 15003 15004 15006 15014 15020 15023 15028 15030 15031 15032 15033 15035 15036 15037 15038 15039 15042 15043 15044 15045 15046 15047 15048 15049 15050 15051 15052 15053 15054 15055 15058 15059 15060 15062 15063 15064 15065 15066 15067 15068 15069 15071 15074 15075 15076 15077 15078 15079 15080 15081 15083 15084 15110 15111 15113 15117 15138 15142 15143 15145 15149 15152 15154 15158 15159 15170 15173 15174 15175 15180 15184 15186 15187 15188 15190 15191 15196 15197 15200 15202 15203 15204 15205 15206 15207 15209 15212 15213 15216 15218 15219 15220 15221 15222 15228 15229 15234 15239 15242 15248 15250 15254 15255 15260 15264 15266 15269 15270 15271 15272 15273 15275 15276 15277 15280 15286 15287 15301 15302 15303 15304 15305 15306 15307 15308 15309 15312 15314 15318 15319 15331 15332 15333 15334 15335 15336 15337 15338 15339 15340 15341 15365 15366 15369 15370 15371 15372 15373 15374 15394 15395 15396 15397 15398 15399 15400 15401 15402 15403 15404 15406 15407 15410 15411 15412 15413 15414 15415 15416 15417 15418 15419 15421 15422 15426 15427 15428 15429 15430 15431 15432 15433 15434 15436 15437 15438 15439 15442 15443 15444 15446 15447 15448 15449 15451 15452 15453 15454 15455 15458 15459 15460 15461 15462 15463 15464 15466 15467 15468 15469 15470 15471 15474 15475 15476 15477 15478 15479 15481 15482 15483 15484 15485 15486 15490 15491 15492 15493 15494 15496 15497 15498 15499 15500 15501 15502 15503 15506 15507 15508 15511 15512 15513 15514 15515 15516 15517 15518 15519 15522 15523 15524 15526 15527 15528 15531 15532 15533 15534 15535 15538 15541 15542 15543 15544 15545 15546 15547 15548 15549 15550 15551 15557 15558 15559 15560 15561 15562 15563 15564 15565 15566 15567 15572 15574 15575 15576 15577 15578 15579 15580 15581 15582 15583 15588 15589 15590 15591 15592 15593 15594 15595 15596 15597 15622 15623 15627 15629 15650 15654 15655 15659 15661 15666 15670 15671 15682 15686 15687 15714 15715 15716 15717 15718 15719 15720 15721 15723 15724 15725 15730 15731 15732 15733 15734 15735 15736 15740 15741 15746 15750 15751 15754 15762 15765 15766 15770 15772 15778 15779 15780 15781 15783 15784 15785 15786 15787 15788 15789 15794 15798 15799 15802 15813 15814 15815 15816 15817 15818 15819 15820 15821 15830 15831 15834 15836

G3（1056 个）
16939 16941 16943 16952 16953 16955 16956 16957 16958 16959 16971 16973 16975 16984 16985 16986 16987 16988 16989 16990 16991 17001 17003 17005 17007 17016 17017 17018 17019 17020 17021 17022 17027 17031 17035 17037 17039 17043 17046 17047 17048 17049 17050 17051 17052 17053 17054 17055 17059 17063 17071 17074 17075 17076 17078 17079 17080 17081 17082 17084 17085 17086 17091 17093 17095 17097 17099 17101 17103 17106 17107 17108 17110 17111 17112 17113 17114 17115 17116 17123 17125 17127 17129 17131 17165 17192 17193 17196 17197 17212 17228 17244 17245 17256 17257 17260 17261 17276 17277 17282 17285 17286 17287 17290 17292 17296 17298 17301 17302 17303 17308 17312 17314 17315 17316 17317 17318 17319 17320 17321 17322 17323 17324 17325 17328 17330 17333 17334 17335 17340 17344 17347 17348 17349 17350 17351 17352 17353 17354 17355 17360 17362 17366 17367 17376 17378 17379 17380 17381 17382 17383 17384 17385 17386 17451 17453 17455 17466 17468 17470 17471 17487 17496 17497 17498 17499 17502 17503 17513 17515 17517 17519 17528 17529 17530 17531 17532 17533 17534 17543 17551 17558 17559 17562 17564 17566 17567 17571 17575 17583 17586 17590 17591 17594 17596 17603 17605 17607 17609 17611 17618 17622 17623 17626 17635 17637 17639 17641 17675 17676 17677 17708 17720 17721 17724 17740 17752 17768 17772 17784 17785 17788 17794 17795 17796 17797 17798 17799 17800 17801 17802 17803 17804 17805 17810 17811 17812 17814 17815 17816 17817 17818 17819 17821 17824 17827 17828 17830 17831 17832 17840 17842 17843 17844 17846 17847 17848 17849 17850 17851 17856 17858 17859 17860 17862 17863 17864 17865 17866 17872 17874 17875 17878 17880 17881 17888 17890 17891 17892 17893 17894 17895 17896 17929 17931 17933 17961 17963 17965 17976 17977 17978 17979 17980 17981 17982 17995 17997 18008 18009 18010 18011 18012 18013 18014 18025 18027 18029 18040 18042 18044 18046 18051 18053 18055 18057 18059 18061 18066 18067 18068 18070 18071 18072 18074 18075 18076 18077 18078 18083 18087 18098 18100 18102 18104 18106 18108 18115 18117 18119 18123 18130 18132 18134 18136 18138 22281 22285 22312 22316 22332 22333 22348 22376 22380 22396 22403 22406 22407 22409 22410 22411 22412 22413 22416 22418 22420 22422 22423 22424 22428 22429 22432 22435 22436 22438 22439 22444 22448 22450 22452 22456 22460 22466 22467 22468 22470 22471 22472 22473 22474 22475 22477 22480 22482 22488 22492 22496 22498 22502 22504 22562 22563 22564 22565 22566 22567 22568 22569 22570 22573 22574 22575 22578 22579 22580 22581 22582 22583 22584 22585 22587 22588 22589 22590 22596 22597 22598 22599 22600 22602 22603 22604 22605 22606 22607 22610 22611 22612 22615 22617 22618 22619 22620 22621 22622 22623 22626 22627 22628 22629 22630 22632 22633 22634 22635 22636 22637 22638 22639 22642 22643 22644 22647 22648 22649 22650 22651 22652 22653 22654 22658 22659 22663 22664 22665 22666 22667 22668 22669 22670 22671 22675 22678 22679 22681 22682 22683 22684 22685 22686 22687 22690 22692 22694 22695 22696 22702 22703 22707 22708 22710 22711 22712 22713 22714 22715 22716 22717 22719 22722 22723 22724 22725 22726 22727 22728 22729 22730 22731 22732 22733 22734 22735 22738 22739 22740 22742 22743 22744 22745 22746 22747 22748 22749 22751 22754 22755 22756 22757 22758 22759 22760 22761 22762 22763 22764 22787 22789 22790 22791 22793 22794 22795 22796 22797 22818 22819 22820 22822 22823 22824 22832 22834 22836 22838 22839 22840 22841 22844 22845 22850 22851 22852 22854 22855 22856 22860 22864 22876 22882 22883 22884 22886 22887 22892 22896 22898 22899 22900 22902 22904 22905 22908 22909 22914 22915 22916 22919 22920 22921 22922 22923 22924 22925 22928 22930 22931 22935 22936 22937 22939 22940 22941 22944 22947 22950 22951 22952 22956 22960 22962 22964 22966 22967 22968 22969 22970 22971 22972 22973 22976 22979 22980 22981 22982 22983 22984 22985 22986 22987 22988 22989 22992 22994 22995 22996 22998 22999 23000 23001 23002 23003 23004 23005 23010 23011 23012 23013 23014 23015 23016 23017 23018 23019 23020 23021 23043 23046 23047 23049 23051 23052 23053 23054 23074 23075 23076 23078 23079 23080 23084 23086 23087 23090 23091 23092 23094 23095 23096 23097 23098 23099 23101 23102 23106 23107 23108 23110 23111 23112 23116 23118 23119 23128 23132 23134 23138 23139 23140 23142 23143 23144 23148 23150 23151 23154 23156 23158 23162 23164 23166 23170 23171 23172 23174 23176 23180 23182 23183 23192 23196 23198 23199 23228 23234 23236 23238 23239 23240 23244 23246 23247 23260 23266 23268 23270 23272 23276 23299 23301 23302 23303 23305 23308 23309 23330 23331 23332 23334 23335 23336 23340 23344 23346 23347 23348 23350 23351 23356 23362 23363 23364 23366 23367 23368 23376 23388 23394 23395 23396 23398 23399 23404 23412 23420 23426 23427 23428 23429 23430 23431 23433 23434 23435 23436 23437 23440 23442 23443 23444 23446 23448 23449 23452 23453 23456 23458 23459 23460 23463 23464 23468 23472 23474 23480 23484 23488 23491 23494 23495 23496 23497 23498 23499 23500 23501 23504 23506 23508 23512 23516 23524 23526 23528 23532 23555 23557 23558 23559 23561 23562 23563 23564 23565 23566 23567 23586 23587 23588 23589 23590 23591 23592 23593 23594 23595 23596 23597 23598 23602 23603 23604 23605 23606 23607 23608 23609 23611 23612 23613 23615 23618 23619 23620 23622 23623 23624 23625 23626 23627 23628 23630 23631 23634 23635 23638 23640 23641 23642 23643 23646 23647 23650 23651 23652 23653 23654 23655 23656 23657 23658 23660 23661 23662 23663 23666 23668 23670 23672 23676 23678 23682 23683 23684 23685 23686 23687 23688 23690 23691 23692 23693 23694 23695 23698 23699 23700 23702 23703 23705 23706 23707 23708 23709 23710 23711 23714 23718 23720 23724 23726 23727 23730 23732 23736 23738 23740 23742 23746 23747 23751 23752 23753 23754 23755 23756 23757 23758 23759 23766 23768 23770 23772 23774 23780 23782 23784 23786 23788 23790 23811 23814 23815 23817 23818 23819 23820 23821 23842 23843 23844 23846 23847 23848 23852 23856 23858 23859 23860 23862 23863 23864 23865 23868 23869 23874 23875 23878 23880 23884 23906 23907 23908 23910 23911 23912 23920 23922 23928 23932 23938 23939 23941 23942 23943 23944 23945 23947 23948 23949 23952 23954 23955 23956 23958 23959 23960 23962 23963 23964 23965 23968 23970 23971 23972 23974 23975 23980 23984 23986 23988 23992 23996 24003 24004 24007 24008 24009 24011 24012 24013 24028 24038 24040 24044

G4（2571 个）
24632 24633 24634 24635 24636 24637 24638 24665 24666 24667 24668 24669 24670 24671 24681 24683 24685 24687 24696 24697 24698 24699 24700 24701 24702 24722 24723 24724 24725 24726 24727 24728 24730 24731 24732 24733 24734 24735 24739 24741 24743 24745 24749 24751 24754 24755 24756 24757 24758 24759 24760 24761 24762 24763 24764 24765 24766 24767 24771 24773 24775 24777 24779 24781 24783 24786 24787 24788 24789 24790 24791 24792 24793 24794 24795 24796 24797 24798 24799 24803 24805 24807 24809 24811 24813 24815 25129 25131 25133 25135 25144 25145 25146 25147 25148 25149 25150 25151 25163 25165 25167 25176 25177 25178 25179 25180 25181 25182 25183 25193 25195 25197 25199 25208 25209 25210 25211 25212 25213 25214 25219 25221 25223 25225 25227 25229 25231 25234 25235 25236 25238 25239 25240 25241 25242 25243 25244 25245 25246 25247 25251 25255 25263 25266 25267 25268 25270 25271 25272 25273 25274 25276 25277 25278 25285 25287 25289 25291 25293 25295 25298 25299 25300 25302 25303 25304 25305 25306 25307 25308 25309 25310 25311 25315 25317 25319 25321 25323 25325 25327 25356 25357 25384 25385 25388 25389 25404 25405 25416 25417 25420 25421 25436 25437 25448 25449 25452 25453 25468 25469 25474 25475 25476 25477 25478 25479 25480 25481 25482 25483 25484 25485 25506 25507 25508 25509 25510 25511 25512 25513 25514 25515 25516 25517 25520 25522 25523 25524 25525 25526 25527 25528 25529 25532 25533 25536 25538 25539 25540 25541 25543 25544 25545 25546 25547 25549 25552 25554 25555 25556 25557 25558 25559 25561 25564 25565 25568 25570 25571 25572 25573 25574 25575 25576 25577 25578 25579 25580 25641 25643 25645 25647 25656 25657 25658 25659 25660 25661 25662 25663 25675 25677 25679 25688 25689 25690 25691 25692 25693 25694 25695 25705 25707 25709 25711 25720 25721 25722 25723 25724 25725 25726 25731 25733 25735 25739 25741 25743 25747 25748 25750 25751 25752 25753 25754 25755 25756 25757 25758 25759 25763 25767 25775 25778 25779 25780 25782 25783 25784 25785 25786 25787 25788 25789 25790 25791 25795 25797 25799 25801 25803 25805 25807 25810 25811 25812 25814 25815 25816 25817 25818 25819 25820 25827 25829 25831 25833 25835 25865 25866 25868 25869 25896 25900 25913 25916 25917 25928 25932 25948 25960 25964 25976 25977 25980 25981 25986 25988 25989 25990 25991 25992 25993 25994 25995 25996 25997 26000 26003 26004 26006 26007 26008 26009 26010 26011 26012 26013 26016 26018 26019 26020 26023 26024 26028 26034 26035 26036 26038 26039 26041 26042 26043 26044 26045 26048 26050 26051 26052 26053 26054 26055 26056 26057 26058 26059 26060 26064 26066 26067 26068 26070 26071 26072 26073 26074 26075 26080 26082 26083 26084 26085 26086 26087 26088 26089 26090 26121 26123 26125 26127 26153 26155 26157 26159 26168 26170 26171 26172 26173 26174 26175 26185 26187 26189 26191 26200 26201 26202 26203 26204 26205 26206 26207 26217 26219 26221 26223 26232 26234 26236 26238 26247 26249 26251 26253 26255 26258 26260 26262 26263 26264 26265 26266 26267 26268 26269 26270 26271 26275 26279 26287 26290 26292 26294 26296 26298 26300 26302 26307 26309 26311 26313 26315 26317 26319 26322 26324 26326 26328 26330 26332 26377 26380 26408 26409 26412 26413 26428 26429 26440 26444 26445 26461 26472 26473 26476 26477 26492 26498 26500 26503 26504 26506 26507 26508 26509 26512 26514 26515 26517 26518 26519 26521 26524 26525 26528 26530 26532 26533 26534 26535 26536 26537 26538 26539 26540 26541 26544 26548 26550 26552 26556 26560 26562 26563 26564 26565 26566 26567 26571 26572 26573 26578 26580 26582 26584 26588 26592 26594 26596 26600 26602 26604 26659 26661 26663 26665 26667 26669 26671 26674 26676 26677 26678 26679 26680 26681 26682 26684 26685 26686 26687 26691 26693 26695 26697 26699 26701 26703 26706 26707 26708 26710 26711 26712 26714 26715 26716 26717 26718 26719 26723 26725 26727 26729 26731 26733 26735 26738 26739 26740 26741 26744 26745 26746 26747 26748 26749 26750 26755 26761 26763 26765 26767 26770 26772 26775 26776 26778 26779 26780 26781 26782 26783 26787 26791 26799 26802 26804 26806 26807 26808 26809 26810 26812 26813 26814 26815 26819 26821 26823 26825 26827 26829 26831 26834 26835 26836 26838 26839 26840 26841 26842 26843 26844 26846 26847 26851 26853 26855 26857 26859 26861 26863 26883 26885 26886 26887 26889 26890 26891 26892 26893 26914 26915 26916 26918 26919 26920 26924 26928 26930 26931 26932 26934 26935 26936 26937 26941 26946 26947 26948 26950 26951 26952 26956 26960 26968 26972 26976 26978 26979 26980 26982 26983 26984 26988 26992 26994 26995 26996 27001 27004 27005 27010 27011 27012 27013 27016 27017 27018 27019 27020 27021 27024 27026 27027 27028 27032 27033 27034 27035 27036 27037 27040 27042 27044 27047 27048 27052 27056 27058 27059 27062 27063 27064 27065 27066 27067 27068 27069 27072 27074 27076 27077 27078 27079 27080 27081 27082 27083 27084 27085 27088 27091 27092 27094 27095 27096 27097 27098 27099 27100 27101 27104 27106 27107 27108 27109 27110 27111 27112 27113 27114 27115 27116 27117 27139 27141 27143 27145 27147 27149 27151 27171 27175 27183 27186 27187 27188 27190 27191 27192 27193 27194 27195 27196 27198 27199 27203 27207 27215 27228 27230 27231 27235 27239 27247 27250 27252 27254 27256 27258 27260 27262 27267 27271 27279 27288 27292 27294 27324 27331 27335 27343 27356 27395 27397 27398 27399 27401 27404 27405 27426 27427 27428 27430 27431 27432 27436 27440 27442 27443 27444 27446 27447 27452 27453 27458 27459 27460 27462 27463 27464 27468 27472 27490 27491 27492 27494 27495 27496 27500 27504 27506 27508 27516 27522 27523 27524 27525 27526 27527 27528 27530 27531 27532 27533 27536 27538 27539 27542 27543 27545 27548 27549 27552 27554 27560 27564 27568 27570 27572 27576 27580 27584 27586 27588 27591 27592 27593 27594 27595 27596 27597 27602 27608 27612 27616 27618 27620 27622 27624 27628 27651 27653 27655 27657 27659 27661 27663 27683 27685 27687 27689 27691 27693 27695 27698 27699 27700 27701 27703 27704 27705 27706 27707 27708 27709 27710 27715 27717 27719 27723 27725 27727 27730 27731 27732 27734 27735 27736 27737 27738 27739 27740 27742 27743 27747 27749 27751 27753 27755 27757 27759 27762 27764 27766 27768 27770 27772 27774 27779 27781 27783 27787 27789 27791 27795 27796 27798 27800 27802 27803 27804 27805 27806 27807 27811 27815 27823 27826 27828 27832 27834 27836 27838 27843 27849 27851 27853 27855 27858 27860 27864 27866 27868 27870 27907 27909 27910 27911 27913 27914 27915 27916 27917 27938 27939 27940 27942 27943 27944 27948 27952 27954 27955 27956 27958 27959 27960 27961 27964 27965 27970 27971 27972 27974 27975 27976 27980 27984 27996 28002 28003 28004 28006 28007 28008 28012 28016 28018 28020 28024 28034 28035 28036 28037 28038 28039 28040 28042 28044 28045 28048 28051 28052 28054 28055 28056 28057 28059 28060 28061 28064 28066 28067 28068 28070 28071 28072 28076 28084 28098 28099 28100 28101 28104 28105 28106 28107 28108 28109 28116 28120 28132 28136 28140 28729 28730 28731 28732 28733 28734 28760 28761 28763 28764 28765 28766 28767 28776 28777 28778 28779 28780 28781 28782 28783 28792 28793 28794 28795 28796 28797 28818 28819 28820 28821 28822 28823 28824 28826 28827 28828 28829 28830 28831 28834 28835 28836 28837 28838 28839 28840 28841 28842 28843 28844 28845 28846 28847 28850 28851 28852 28853 28854 28855 28856 28857 28858 28859 28860 28861 28862 28863 28866 28867 28868 28869 28870 28871 28872 28873 28874 28875 28876 28877 28878 28882 28883 28884 28885 28886 28887 28890 28891 28892 28893 28894 28895 28902 28904 28905 28906 28907 28908 28909 28911 29225 29226 29227 29228 29229 29230 29231 29243 29244 29245 29246 29247 29256 29257 29258 29259 29260 29261 29263 29272 29273 29274 29275 29276 29277 29278 29279 29288 29289 29290 29291 29292 29293 29294 29295 29304 29305 29306 29307 29308 29309 29310 29314 29315 29316 29317 29318 29319 29320 29321 29322 29323 29324 29325 29326 29327 29330 29331 29332 29334 29335 29336 29337 29338 29339 29340 29341 29342 29343 29346 29347 29348 29350 29351 29352 29356 29358 29359 29362 29363 29364 29366 29367 29368 29369 29370 29372 29373 29374 29375 29378 29379 29380 29381 29382 29383 29384 29385 29386 29387 29388 29389 29390 29391 29394 29395 29396 29398 29399 29401 29402 29403 29404 29405 29406 29407 29410 29411 29412 29413 29414 29415 29416 29417 29418 29419 29420 29421 29422 29423 29449 29452 29453 29481 29484 29485 29500 29501 29512 29513 29516 29517 29532 29533 29544 29545 29548 29549 29564 29565 29571 29572 29573 29574 29575 29576 29577 29578 29579 29580 29581 29586 29587 29588 29589 29590 29591 29592 29593 29596 29597 29602 29603 29604 29605 29606 29607 29608 29609 29610 29611 29612 29613 29616 29618 29619 29620 29621 29622 29623 29624 29625 29628 29629 29632 29634 29635 29636 29637 29638 29639 29641 29642 29643 29645 29648 29650 29651 29652 29654 29655 29656 29657 29660 29661 29664 29666 29667 29668 29669 29670 29671 29672 29673 29674 29675 29676 29677 29736 29738 29739 29740 29741 29743 29753 29754 29755 29756 29757 29758 29759 29769 29770 29771 29772 29773 29774 29775 29784 29785 29786 29787 29790 29791 29800 29801 29802 29803 29804 29805 29806 29807 29816 29817 29818 29819 29820 29821 29822 29826 29828 29829 29830 29831 29832 29833 29834 29835 29836 29837 29838 29839 29843 29844 29846 29847 29848 29849 29850 29851 29852 29853 29854 29855 29858 29859 29860 29862 29863 29864 29868 29870 29871 29874 29875 29876 29881 29882 29883 29884 29885 29886 29890 29891 29892 29893 29894 29895 29900 29901 29902 29903 29906 29907 29908 29910 29911 29912 29913 29914 29915 29916 29919 29922 29923 29924 29925 29926 29927 29931 29932 29961 29962 29963 29965 29992 30008 30012 30028 30056 30060 30072 30073 30076 30082 30083 30085 30086 30087 30088 30089 30090 30091 30092 30093 30096 30098 30100 30102 30103 30104 30105 30106 30107 30108 30109 30112 30115 30116 30118 30119 30120 30124 30128 30130 30131 30132 30136 30137 30140 30146 30147 30148 30150 30151 30152 30153 30154 30155 30156 30157 30160 30162 30163 30168 30169 30172 30176 30178 30179 30180 30181 30184 30185 30217 30218 30219 30220 30222 30223 30248 30249 30250 30252 30253 30254 30255 30264 30265 30267 30268 30269 30270 30271 30280 30282 30283 30284 30285 30286 30287 30297 30298 30299 30300 30301 30302 30303 30313 30314 30315 30316 30317 30319 30328 30330 30332 30334 30338 30339 30340 30342 30343 30344 30345 30346 30347 30348 30349 30350 30351 30354 30355 30358 30359 30361 30362 30363 30364 30365 30366 30367 30370 30372 30374 30375 30376 30380 30388 30392 30396 30402 30403 30404 30405 30406 30407 30408 30409 30410 30411 30412 30413 30414 30415 30418 30420 30424 30434 30436 30438 30440 30444 30473 30476 30477 30504 30505 30509 30524 30525 30536 30537 30540 30541 30556 30569 30572 30588 30594 30595 30597 30601 30602 30603 30604 30605 30608 30610 30614 30615 30616 30620 30621 30627 30629 30630 30631 30632 30633 30636 30640 30642 30644 30648 30652 30656 30659 30660 30661 30662 30663 30664 30665 30666 30667 30668 30669 30672 30674 30676 30680 30684 30690 30692 30696 30754 30755 30756 30757 30758 30759 30760 30761 30762 30763 30764 30766 30767 30770 30771 30772 30773 30774 30775 30776 30777 30778 30779 30781 30782 30786 30787 30788 30789 30790 30791 30792 30793 30794 30796 30797 30798 30799 30802 30803 30804 30805 30806 30807 30808 30809 30811 30812 30813 30814 30815 30818 30819 30821 30822 30823 30824 30826 30827 30828 30829 30830 30831 30834 30835 30836 30837 30838 30841 30842 30843 30844 30845 30846 30850 30851 30852 30853 30857 30858 30859 30860 30861 30863 30866 30867 30872 30873 30875 30876 30877 30878 30879 30882 30883 30884 30886 30887 30888 30889 30890 30891 30892 30893 30894 30895 30898 30899 30901 30902 30903 30904 30905 30906 30907 30908 30909 30910 30911 30914 30916 30917 30918 30919 30920 30921 30922 30923 30924 30925 30926 30927 30931 30932 30933 30934 30935 30936 30937 30938 30939 30940 30941 30942 30943 30946 30947 30948 30949 30950 30951 30952 30953 30954 30955 30956 30957 30958 30959 30979 30981 30982 30983 30985 30986 30987 30988 30989 31011 31012 31013 31014 31015 31016 31017 31018 31019 31020 31021 31024 31026 31028 31029 31030 31031 31032 31033 31036 31042 31043 31045 31046 31047 31048 31049 31050 31051 31053 31056 31058 31059 31060 31062 31063 31064 31065 31068 31069 31072 31074 31075 31076 31077 31079 31081 31083 31084 31085 31088 31090 31091 31092 31093 31094 31096 31100 31101 31106 31107 31108 31109 31110 31113 31115 31116 31117 31120 31122 31123 31124 31125 31130 31131 31132 31133 31136 31138 31139 31141 31144 31145 31147 31148 31149 31152 31154 31155 31158 31159 31160 31161 31164 31168 31170 31171 31173 31174 31175 31176 31177 31178 31179 31181 31184 31186 31188 31190 31191 31192 31193 31194 31195 31196 31203 31206 31207 31208 31209 31213 31235 31237 31238 31239 31241 31242 31243 31244 31245 31246 31247 31266 31267 31268 31269 31270 31271 31272 31273 31274 31275 31276 31277 31278 31282 31283 31284 31285 31286 31287 31288 31289 31290 31291 31292 31293 31295 31298 31299 31300 31301 31302 31303 31304 31305 31306 31307 31308 31310 31311 31314 31315 31316 31318 31319 31321 31322 31323 31325 31327 31331 31332 31333 31334 31335 31336 31337 31338 31340 31341 31342 31343 31346 31348 31350 31352 31356 31358 31362 31363 31364 31365 31366 31367 31368 31370 31371 31372 31373 31374 31375 31378 31379 31380 31382 31385 31386 31387 31388 31390 31394 31395 31396 31404 31410 31452 31458 31460 31462 31464 31468 31491 31493 31494 31495 31497 31501 31522 31523 31524 31525 31526 31527 31528 31529 31532 31533 31536 31538 31539 31540 31541 31542 31543 31548 31549 31554 31555 31556 31557 31558 31559 31560 31561 31564 31565 31568 31570 31571 31572 31580 31584 31586 31587 31588 31589 31590 31591 31592 31593 31600 31602 31604 31612 31618 31619 31620 31621 31622 31623 31624 31625 31627 31628 31629 31632 31634 31635 31636 31637 31638 31639 31640 31644 31645 31648 31650 31651 31652 31653 31654 31657 31660 31664 31666 31668 31676 31682 31688 31689 31690 31691 31692 31693 31696 31698 31700 31704 31708 31712 31714 31718 31720 31724 31749 31750 31753 31754 31755 31756 31757 31758 31778 31779 31780 31781 31782 31783 31784 31785 31786 31787 31788 31789 31790 31791 31794 31795 31796 31797 31798 31799 31800 31801 31802 31803 31804 31805 31810 31811 31812 31813 31814 31815 31816 31817 31818 31819 31820 31821 31822 31826 31827 31828 31830 31831 31832 31833 31834 31835 31836 31837 31839 31842 31843 31844 31845 31846 31847 31848 31849 31850 31851 31852 31854 31855 31858 31860 31862 31864 31866 31870 31874 31875 31876 31877 31878 31879 31880 31881 31882 31884 31885 31886 31887 31890 31891 31892 31894 31895 31896 31897 31899 31900 31901 31902 31903 31906 31907 31908 31910 31911 31912 31915 31916 31917 31918 31919 31922 31924 31940 31941 31945 31946 31947 31948 31949 31950 31951 31954 31960 31962 31964 31966 31970 31972 31974 31976 31978 31980 32003 32005 32006 32007 32009 32010 32011 32012 32013 32034 32035 32036 32038 32039 32043 32044 32045 32048 32050 32051 32052 32054 32055 32056 32057 32060 32066 32067 32068 32070 32071 32072 32076 32080 32088 32089 32092 32096 32098 32099 32100 32101 32102 32103 32104 32105 32108 32112 32114 32116 32120 32124 32130 32131 32132 32133 32134 32135 32136 32137 32138 32139 32141 32144 32146 32147 32148 32149 32150 32151 32152 32153 32154 32156 32157 32160 32162 32163 32164 32165 32166 32167 32168 32169 32172 32176 32178 32180 32184 32188 32192 32194 32195 32196 32197 32198 32201 32202 32203 32204 32205 32208 32210 32212 32220 32232

G5（1614 个）
33315 33323 33325 33330 33331 33332 33334 33337 33340 33341 33342 33343 33347 33351 33355 33357 33359 33363 33366 33367 33368 33369 33372 33373 33374 33375 33379 33381 33383 33385 33387 33389 33391 33394 33396 33397 33398 33399 33400 33401 33404 33405 33406 33411 33415 33419 33421 33423 33427 33430 33431 33432 33433 33436 33437 33438 33439 33443 33447 33453 33455 33458 33459 33460 33461 33462 33463 33464 33465 33468 33469 33470 33471 33475 33477 33479 33481 33483 33485 33487 33491 33492 33493 33494 33495 33496 33497 33500 33501 33502 33503 33507 33509 33511 33513 33517 33519 33549 33581 33584 33620 33632 33636 33644 33645 33648 33653 33680 33685 33692 33696 33700 33701 33704 33705 33708 33709 33732 33733 33736 33737 33741 33744 33749 33756 33764 33765 33768 33769 33772 33773 33827 33831 33835 33837 33839 33842 33845 33846 33847 33852 33854 33871 33875 33878 33881 33884 33885 33886 33887 33891 33893 33895 33897 33899 33901 33903 33906 33907 33908 33910 33911 33912 33913 33916 33917 33918 33927 33935 33942 33943 33948 33950 33951 33955 33959 33963 33965 33967 33970 33973 33974 33975 33980 33982 33983 33987 33989 33991 33993 33995 33997 33999 34002 34005 34007 34012 34014 34015 34019 34021 34023 34025 34027 34029 34108 34109 34124 34125 34140 34141 34148 34153 34156 34157 34160 34164 34165 34172 34173 34180 34184 34185 34188 34189 34192 34197 34201 34204 34205 34208 34212 34213 34216 34217 34220 34221 34228 34229 34232 34233 34236 34237 34240 34244 34245 34248 34249 34252 34253 34260 34261 34264 34265 34268 34269 34276 34277 34280 34281 34284 34307 34309 34311 34313 34315 34317 34319 34339 34341 34343 34345 34347 34349 34351 34354 34355 34356 34357 34358 34359 34360 34361 34364 34365 34366 34367 34371 34373 34375 34377 34379 34381 34383 34386 34387 34388 34389 34390 34391 34396 34397 34398 34399 34403 34405 34411 34413 34415 34418 34419 34420 34422 34425 34428 34429 34430 34435 34437 34439 34441 34443 34445 34447 34450 34451 34452 34454 34455 34456 34457 34460 34461 34462 34463 34467 34469 34471 34473 34475 34477 34479 34482 34484 34485 34486 34487 34488 34489 34492 34493 34494 34495 34499 34501 34503 34505 34507 34509 34511 34514 34515 34516 34517 34518 34519 34520 34521 34524 34525 34526 34527 34531 34533 34535 34537 34539 34541 34543 34573 34608 34628 34629 34636 34637 34640 34644 34656 34660 34668 34669 34672 34676 34677 34697 34701 34704 34708 34709 34716 34717 34720 34724 34728 34729 34732 34733 34736 34749 34756 34757 34760 34761 34764 34765 34768 34772 34780 34781 34788 34789 34792 34793 34796 34797 34855 34859 34861 34863 34866 34870 34871 34879 34887 34895 34899 34902 34903 34904 34905 34908 34909 34910 34911 34915 34917 34919 34921 34923 34925 34927 34930 34931 34932 34933 34934 34935 34940 34941 34942 34959 34966 34972 34974 34975 34979 34983 34989 34994 34998 35007 35011 35013 35015 35017 35019 35021 35023 35026 35029 35030 35031 35036 35038 35039 35043 35045 35047 35049 35051 35053 35055 35085 35116 35117 35120 35125 35132 35148 35165 35168 35172 35173 35176 35177 35180 35181 35184 35188 35189 35196 35197 35205 35212 35216 35221 35228 35232 35236 35241 35244 35245 35248 35253 35260 35264 35268 35272 35273 35276 35277 35292 35296 35300 35301 35304 35305 35308 35309 35335 35339 35341 35363 35367 35373 35375 35378 35380 35381 35382 35383 35384 35385 35388 35389 35390 35395 35399 35403 35405 35407 35411 35415 35416 35417 35420 35422 35423 35427 35429 35431 35433 35435 35437 35439 35442 35443 35444 35446 35448 35449 35452 35454 35459 35463 35469 35471 35475 35479 35484 35486 35507 35513 35516 35517 35519 35523 35525 35527 35529 35531 35533 35535 35539 35543 35544 35545 35548 35550 35551 35555 35557 35559 35561 35565 35567 35597 35629 35632 35660 35664 35680 35684 35685 35692 35728 35733 35740 35744 35748 35749 35756 35757 35760 35776 35780 35785 35788 35789 35792 35797 35804 35808 35812 35816 35817 35820 35821 35843 35845 35847 35849 35851 35853 35855 35875 35877 35879 35881 35883 35885 35887 35890 35891 35892 35893 35894 35895 35896 35897 35900 35901 35902 35903 35907 35909 35911 35913 35915 35917 35919 35922 35923 35924 35925 35926 35927 35928 35929 35932 35933 35934 35939 35941 35943 35945 35947 35949 35951 35954 35955 35956 35957 35958 35959 35960 35961 35964 35966 35971 35973 35975 35977 35979 35981 35983 35986 35987 35988 35990 35991 35992 35993 35996 35997 36003 36005 36007 36009 36011 36013 36018 36019 36020 36021 36023 36028 36029 36030 36031 36035 36037 36043 36045 36047 36050 36051 36052 36054 36057 36060 36061 36062 36063 36067 36069 36071 36073 36075 36077 36079 36105 36109 36137 36141 36144 36165 36172 36176 36188 36189 36192 36196 36197 36200 36201 36204 36205 36208 36212 36213 36220 36221 36240 36245 36256 36260 36261 36264 36265 36268 36269 36272 36292 36293 36300 36301 36304 36309 36316 36324 36329 36332 36333 37411 37414 37415 37419 37420 37421 37426 37427 37428 37429 37431 37436 37437 37438 37443 37446 37451 37453 37455 37459 37463 37464 37465 37469 37470 37471 37474 37475 37476 37478 37479 37480 37481 37483 37484 37485 37487 37490 37491 37494 37495 37496 37497 37500 37502 37510 37511 37515 37516 37517 37518 37519 37523 37527 37528 37529 37532 37534 37539 37551 37555 37559 37560 37561 37564 37565 37566 37567 37570 37571 37572 37573 37574 37575 37576 37577 37579 37580 37581 37582 37583 37587 37591 37592 37593 37597 37598 37599 37602 37603 37604 37605 37606 37607 37608 37609 37611 37612 37613 37614 37615 37677 37680 37701 37708 37712 37728 37732 37733 37740 37741 37748 37776 37788 37792 37796 37804 37805 37808 37828 37829 37832 37837 37840 37852 37856 37860 37864 37868 37869 37923 37934 37935 37938 37941 37942 37943 37948 37950 37951 37958 37959 37964 37966 37967 37971 37975 37980 37981 37982 37983 37986 37990 37992 37993 37995 38002 38003 38004 38007 38008 38009 38012 38014 38022 38023 38028 38030 38031 38039 38044 38046 38063 38071 38076 38078 38079 38082 38083 38084 38085 38086 38087 38088 38089 38091 38092 38093 38094 38095 38103 38108 38110 38111 38114 38115 38116 38118 38119 38120 38123 38124 38125 38126 38157 38192 38204 38256 38268 38269 38276 38277 38281 38284 38285 38288 38296 38297 38300 38301 38320 38328 38329 38332 38333 38336 38340 38341 38344 38345 38348 38349 38352 38360 38361 38364 38365 38372 38373 38376 38377 38380 38381 38403 38405 38406 38407 38409 38410 38414 38434 38435 38436 38437 38438 38439 38440 38441 38443 38444 38446 38447 38450 38451 38452 38453 38454 38455 38456 38457 38461 38462 38463 38466 38467 38468 38469 38470 38471 38472 38473 38476 38477 38478 38487 38488 38492 38493 38494 38495 38498 38499 38500 38501 38502 38503 38507 38508 38509 38510 38511 38514 38515 38516 38517 38526 38530 38531 38532 38533 38534 38536 38537 38539 38540 38541 38542 38543 38547 38551 38552 38553 38556 38557 38558 38559 38563 38567 38575 38579 38583 38584 38585 38588 38589 38590 38591 38594 38596 38597 38598 38600 38601 38603 38604 38605 38606 38607 38611 38615 38616 38617 38621 38622 38623 38626 38628 38629 38630 38631 38632 38637 38638 38639 38669 38701 38704 38724 38725 38733 38736 38752 38756 38757 38764 38765 38768 38772 38773 38800 38804 38805 38812 38813 38816 38820 38821 38824 38825 38828 38829 38832 38845 38848 38853 38856 38857 38860 38861 38864 38868 38876 38877 38884 38885 38892 38893 38946 38950 38951 38953 38954 38955 38957 38962 38966 38967 38975 38981 38982 38983 38990 38991 38994 39001 39005 39006 39007 39010 39011 39012 39013 39014 39015 39016 39017 39018 39020 39021 39022 39023 39026 39027 39028 39029 39031 39032 39036 39037 39038 39042 39046 39047 39055 39058 39061 39063 39068 39070 39071 39074 39075 39076 39077 39078 39080 39081 39083 39084 39085 39086 39087 39090 39103 39106 39107 39108 39110 39111 39112 39114 39115 39116 39117 39118 39125 39126 39127 39132 39134 39135 39138 39140 39141 39142 39143 39144 39145 39146 39147 39148 39149 39150 39151 39173 39181 39208 39209 39212 39213 39216 39221 39228 39237 39244 39248 39260 39264 39268 39277 39280 39285 39292 39293 39301 39308 39317 39328 39332 39333 39344 39349 39360 39368 39376 39392 39397 39400 39427 39429 39430 39431 39433 39434 39435 39436 39437 39438 39439 39458 39459 39460 39461 39462 39463 39464 39465 39467 39468 39469 39470 39471 39474 39475 39476 39477 39478 39484 39485 39486 39487 39490 39491 39492 39493 39494 39495 39496 39497 39500 39501 39502 39507 39511 39512 39516 39517 39519 39522 39523 39524 39525 39526 39527 39528 39529 39531 39532 39534 39535 39538 39539 39540 39542 39543 39544 39545 39550 39554 39555 39556 39557 39558 39559 39560 39561 39564 39565 39566 39567 39571 39575 39576 39587 39603 39607 39618 39619 39620 39621 39622 39624 39635 39639 39640 39650 39651 39652 39654 39655 39656 39693 39725 39728 39749 39756 39760 39776 39781 39824 39829 39840 39844 39845 39848 39856 39872 39876 39904 39908 39909 39912 39939 39941 39942 39943 39945 39946 39947 39948 39950 39951 39970 39971 39972 39973 39974 39975 39980 39981 39982 39983 39990 39991 39992 40002 40003 40004 40005 40006 40007 40008 40009 40010 40011 40012 40013 40014 40015 40018 40019 40020 40022 40023 40024 40025 40028 40029 40030 40031 40034 40035 40036 40037 40038 40039 40040 40041 40042 40043 40044 40045 40046 40050 40051 40052 40053 40054 40055 40056 40057 40060 40061 40066 40067 40068 40069 40070 40071 40072 40073 40074 40075 40076 40078 40079 40082 40083 40084 40086 40087 40088 40098 40099 40100 40102 40103 40104 40114 40115 40116 40117 40118 40119 40120 40130 40131 40132 40133 40134 40135 40146 40147 40148 40151 40162 40163 40164 40165 40166 40168 40201 40205 40237 40240 40268 40272 40284 40285 40288 40292 40293 40296 40297 40300 40301 40304 40336 40341 40352 40356 40357 40360 40368 40384 40388 40389 40392 40420 40421

G6（1436 个）
41507 41511 41522 41523 41524 41525 41526 41528 41532 41533 41539 41543 41547 41549 41555 41560 41561 41564 41565 41566 41567 41571 41573 41575 41577 41579 41581 41583 41586 41587 41588 41590 41591 41592 41593 41596 41598 41603 41607 41613 41623 41624 41625 41628 41630 41651 41655 41657 41660 41661 41663 41667 41669 41671 41673 41675 41677 41679 41683 41687 41688 41689 41692 41693 41694 41695 41699 41701 41703 41705 41709 41711 41773 41776 41796 41797 41804 41805 41808 41824 41828 41829 41836 41837 41840 41844 41845 41865 41869 41872 41884 41885 41888 41892 41900 41901 41904 41917 41920 41924 41928 41929 41933 41940 41948 41949 41952 41956 41960 41964 41965 42019 42023 42027 42029 42034 42035 42036 42037 42038 42039 42040 42041 42044 42045 42046 42047 42051 42055 42061 42063 42067 42072 42076 42077 42078 42079 42083 42085 42087 42089 42091 42093 42095 42098 42099 42100 42102 42104 42105 42108 42110 42115 42119 42123 42125 42127 42131 42135 42136 42137 42140 42142 42147 42159 42167 42168 42169 42172 42173 42174 42175 42179 42181 42183 42185 42187 42189 42191 42195 42199 42200 42201 42204 42206 42207 42211 42215 42219 42221 42253 42288 42352 42364 42365 42372 42373 42376 42377 42380 42381 42384 42392 42393 42396 42397 42416 42424 42425 42428 42429 42432 42440 42441 42444 42445 42448 42456 42457 42460 42461 42464 42468 42469 42472 42473 42476 42477 42499 42501 42503 42505 42507 42509 42531 42533 42535 42537 42539 42541 42543 42546 42547 42548 42549 42550 42551 42552 42553 42556 42558 42559 42563 42565 42567 42569 42571 42573 42575 42579 42583 42584 42585 42588 42589 42590 42591 42595 42599 42605 42607 42610 42611 42612 42614 42616 42620 42622 42627 42629 42631 42633 42635 42637 42639 42643 42648 42649 42652 42654 42659 42671 42675 42679 42680 42681 42684 42685 42686 42687 42691 42693 42695 42697 42699 42701 42703 42711 42712 42713 42716 42717 42718 42719 42723 42725 42727 42729 42731 42733 42735 42765 42797 42800 42820 42828 42832 42852 42853 42860 42861 42864 42868 42893 42896 42908 42912 42916 42920 42924 42925 42928 42944 42948 42952 42956 42960 42972 42976 42980 42984 42988 43047 43053 43055 43058 43062 43063 43065 43069 43075 43079 43083 43085 43087 43091 43095 43096 43097 43100 43102 43103 43107 43109 43111 43113 43115 43117 43119 43122 43123 43124 43126 43127 43128 43129 43132 43134 43143 43149 43151 43155 43160 43164 43166 43193 43197 43199 43203 43205 43207 43209 43211 43213 43215 43219 43223 43224 43225 43228 43229 43230 43231 43235 43239 43245 43247 43277 43312 43324 43376 43396 43397 43400 43401 43404 43405 43408 43416 43424 43440 43456 43460 43464 43472 43480 43488 43492 43496 43523 43527 43533 43571 43575 43580 43587 43619 43640 43719 43751 43789 43913 43972 43973 43976 43984 44000 44004 44005 44037 44039 44041 44045 44047 44067 44069 44071 44073 44077 44079 44082 44084 44086 44087 44088 44089 44092 44093 44094 44095 44103 44105 44107 44109 44111 44115 44119 44121 44124 44125 44126 44127 44131 44133 44135 44137 44139 44141 44143 44146 44147 44148 44149 44150 44152 44153 44156 44157 44158 44163 44165 44167 44169 44171 44173 44175 44179 44183 44184 44195 44199 44211 44215 44216 44227 44229 44231 44243 44248 44259 44261 44263 44297 44301 44336 44349 44412 44425 44429 44432 44440 44448 44484 44485 44488 44496 44504 44516 44517 45602 45603 45605 45606 45607 45608 45609 45619 45620 45621 45622 45623 45625 45628 45634 45635 45636 45637 45638 45639 45640 45643 45644 45651 45655 45657 45660 45661 45662 45666 45667 45668 45669 45670 45672 45673 45675 45676 45677 45678 45679 45682 45684 45685 45687 45688 45689 45692 45693 45694 45698 45699 45700 45702 45703 45704 45705 45707 45708 45709 45710 45711 45715 45719 45720 45721 45724 45725 45726 45727 45735 45743 45747 45751 45752 45753 45756 45757 45758 45759 45762 45763 45764 45765 45766 45767 45768 45769 45771 45772 45773 45774 45775 45779 45783 45784 45785 45788 45789 45790 45791 45794 45800 45801 45803 45804 45805 45806 45807 45829 45860 45861 45872 45877 45893 45904 45932 45933 45936 45940 45941 45957 45964 45968 45980 45984 45992 45993 45996 46000 46005 46012 46016 46020 46021 46024 46025 46032 46037 46044 46052 46053 46056 46057 46060 46061 46114 46115 46116 46117 46118 46119 46120 46121 46123 46124 46130 46133 46134 46135 46142 46146 46149 46150 46151 46158 46159 46163 46167 46169 46172 46173 46174 46175 46178 46179 46180 46181 46182 46183 46184 46187 46188 46189 46190 46191 46194 46195 46196 46197 46198 46199 46201 46204 46205 46206 46210 46213 46214 46220 46222 46223 46231 46236 46238 46239 46243 46247 46255 46263 46268 46270 46271 46274 46276 46277 46278 46279 46280 46281 46283 46284 46285 46286 46287 46295 46300 46302 46303 46306 46307 46308 46309 46310 46311 46312 46313 46315 46316 46317 46341 46345 46384 46396 46460 46468 46469 46473 46476 46477 46480 46488 46489 46492 46493 46496 46520 46521 46524 46533 46536 46537 46540 46541 46544 46552 46553 46556 46560 46564 46565 46568 46569 46595 46597 46598 46599 46601 46602 46603 46604 46605 46626 46627 46628 46629 46630 46631 46632 46633 46635 46636 46637 46638 46642 46643 46644 46645 46646 46647 46648 46649 46652 46653 46658 46659 46660 46661 46662 46663 46664 46667 46668 46670 46671 46675 46679 46680 46681 46685 46686 46687 46690 46691 46692 46693 46694 46695 46696 46697 46702 46703 46706 46707 46708 46709 46710 46711 46713 46716 46717 46718 46722 46723 46724 46725 46726 46727 46728 46731 46732 46733 46734 46735 46739 46743 46745 46748 46749 46750 46751 46755 46771 46776 46777 46780 46786 46787 46788 46790 46791 46792 46795 46796 46797 46803 46808 46818 46820 46821 46822 46823 46824 46825 46828 46853 46860 46861 46884 46885 46892 46893 46896 46900 46901 46916 46917 46924 46925 46928 46944 46948 46949 46964 46980 46981 46985 46992 47004 47005 47008 47012 47013 47017 47020 47024 47028 47036 47044 47045 47048 47049 47052 47053 47056 47060 47068 47072 47077 47080 47081 47138 47139 47140 47141 47142 47143 47144 47145 47147 47148 47149 47150 47151 47154 47157 47158 47159 47164 47166 47167 47170 47173 47174 47175 47178 47180 47182 47187 47188 47189 47190 47191 47192 47193 47196 47197 47199 47202 47203 47204 47205 47206 47207 47208 47209 47210 47211 47212 47214 47215 47218 47219 47220 47221 47222 47223 47224 47225 47229 47230 47234 47237 47238 47239 47246 47247 47250 47253 47254 47255 47260 47262 47263 47267 47268 47269 47270 47271 47276 47277 47279 47282 47285 47286 47287 47292 47294 47295 47298 47299 47300 47301 47302 47304 47305 47306 47307 47308 47309 47310 47311 47314 47317 47319 47324 47327 47330 47331 47334 47335 47336 47337 47339 47340 47341 47342 47343 47365 47369 47373 47396 47397 47400 47401 47404 47405 47408 47413 47420 47429 47436 47440 47452 47453 47456 47460 47461 47464 47465 47468 47469 47472 47476 47484 47493 47504 47509 47536 47541 47552 47556 47557 47568 47573 47584 47588 47589 47592 47619 47621 47622 47623 47625 47628 47629 47630 47631 47651 47652 47653 47654 47655 47657 47660 47661 47663 47666 47667 47670 47671 47672 47673 47677 47678 47679 47682 47683 47684 47685 47686 47687 47688 47691 47692 47693 47694 47695 47703 47704 47705 47708 47710 47711 47714 47715 47716 47717 47718 47719 47720 47721 47723 47724 47725 47726 47730 47731 47732 47733 47734 47735 47736 47737 47740 47741 47747 47748 47749 47750 47751 47753 47756 47759 47763 47767 47783 47795 47810 47811 47812 47813 47814 47815 47816 47827 47843 47844 47845 47846 47877 47884 47885 47908 47909 47916 47917 47925 47941 47948 47952 47972 47973 47980 48021 48032 48036 48037 48064 48068 48069 48080 48096 48100 48101 48131 48133 48134 48135 48137 48138 48139 48140 48141 48142 48143 48162 48163 48164 48165 48166 48167 48168 48169 48170 48171 48172 48173 48174 48175 48178 48179 48180 48181 48182 48183 48184 48185 48188 48190 48191 48194 48195 48196 48197 48198 48199 48200 48201 48202 48203 48204 48205 48206 48207 48210 48211 48212 48213 48214 48215 48216 48217 48220 48221 48222 48223 48226 48227 48228 48229 48230 48231 48232 48233 48234 48235 48236 48237 48238 48239 48242 48243 48244 48245 48246 48247 48248 48249 48252 48253 48254 48258 48259 48260 48261 48262 48263 48264 48265 48266 48267 48268 48269 48270 48274 48275 48276 48277 48278 48279 48280 48290 48291 48292 48293 48294 48295 48296 48306 48307 48308 48309 48310 48311 48312 48322 48323 48324 48325 48326 48327 48328 48338 48339 48340 48341 48342 48343 48354 48355 48356 48357 48358 48359 48389 48393 48396 48397 48420 48421 48424 48425 48428 48429 48432 48437 48444 48453 48460 48464 48476 48480 48484 48485 48488 48489 48492 48496 48500 48508 48517 48524 48528 48533 48544 48548 48549 48552 48560 48576 48580 48581 48584 48592 48612 48613

G7（2036 个）
49202 49203 49204 49205 49206 49207 49234 49235 49236 49237 49241 49242 49243 49251 49253 49255 49257 49259 49266 49267 49268 49270 49271 49273 49274 49275 49277 49298 49300 49301 49302 49303 49304 49306 49307 49308 49309 49310 49311 49315 49317 49319 49321 49325 49327 49330 49331 49332 49333 49334 49335 49336 49337 49338 49339 49340 49341 49343 49347 49349 49351 49353 49355 49357 49359 49362 49363 49364 49365 49366 49367 49368 49369 49370 49371 49372 49373 49374 49375 49379 49381 49383 49385 49387 49389 49701 49703 49705 49714 49715 49716 49717 49718 49719 49722 49735 49737 49739 49746 49747 49748 49749 49750 49751 49752 49754 49755 49756 49757 49763 49765 49767 49771 49773 49780 49781 49782 49784 49785 49790 49801 49803 49805 49807 49810 49811 49812 49814 49815 49816 49817 49818 49819 49820 49821 49822 49823 49827 49829 49831 49833 49837 49839 49842 49844 49845 49846 49847 49848 49850 49852 49853 49854 49855 49861 49863 49865 49871 49874 49875 49880 49881 49882 49883 49884 49891 49893 49901 49903 49925 49929 49956 49960 49961 49973 49992 50000 50004 50005 50012 50013 50016 50024 50029 50032 50036 50037 50044 50045 50052 50053 50060 50061 50064 50072 50073 50080 50084 50088 50089 50092 50093 50096 50101 50104 50105 50108 50109 50116 50117 50120 50121 50125 50128 50132 50133 50136 50137 50140 50141 50148 50149 50152 50153 50156 50157 50213 50215 50217 50226 50227 50228 50229 50230 50231 50232 50233 50234 50235 50243 50245 50247 50249 50258 50259 50260 50262 50263 50264 50269 50270 50271 50275 50277 50279 50281 50283 50285 50287 50290 50292 50293 50294 50295 50296 50298 50301 50302 50307 50309 50311 50313 50317 50319 50323 50324 50325 50326 50328 50329 50330 50331 50332 50333 50334 50335 50339 50341 50343 50345 50347 50349 50351 50354 50355 50358 50359 50360 50361 50365 50366 50367 50373 50375 50377 50379 50381 50383 50386 50388 50389 50390 50391 50393 50394 50395 50396 50403 50407 50409 50437 50441 50468 50469 50472 50473 50476 50477 50480 50484 50485 50488 50489 50492 50493 50500 50504 50505 50512 50521 50532 50533 50536 50541 50544 50548 50552 50553 50556 50557 50564 50565 50568 50572 50573 50576 50580 50581 50585 50588 50589 50592 50596 50597 50600 50601 50604 50605 50608 50612 50613 50616 50617 50620 50621 50628 50632 50633 50636 50637 50640 50648 50649 50652 50653 50656 50660 50661 50664 50665 50668 50669 50691 50693 50695 50697 50699 50723 50725 50727 50729 50731 50733 50738 50739 50740 50741 50742 50743 50744 50745 50746 50747 50748 50749 50750 50755 50757 50759 50761 50763 50765 50767 50770 50771 50772 50773 50774 50775 50776 50777 50778 50779 50782 50783 50789 50791 50793 50799 50802 50804 50806 50808 50810 50814 50819 50821 50823 50825 50827 50829 50831 50834 50835 50836 50837 50838 50839 50840 50842 50843 50844 50845 50846 50847 50851 50853 50855 50857 50859 50861 50863 50866 50868 50870 50872 50874 50876 50878 50883 50885 50887 50889 50891 50893 50895 50898 50900 50902 50904 50906 50908 50910 50949 50953 50956 50957 50980 50981 50984 50985 50988 50989 50992 50996 50997 51004 51005 51012 51013 51016 51017 51020 51021 51024 51028 51036 51037 51040 51044 51045 51048 51049 51056 51060 51080 51085 51088 51092 51093 51096 51097 51100 51101 51104 51108 51109 51112 51116 51117 51124 51132 51140 51141 51144 51145 51148 51149 51152 51156 51160 51164 51172 51176 51180 51235 51237 51239 51241 51243 51245 51247 51250 51251 51252 51253 51254 51255 51256 51257 51258 51259 51260 51261 51262 51263 51267 51269 51271 51273 51275 51277 51279 51282 51283 51284 51285 51286 51287 51288 51289 51290 51291 51292 51293 51294 51299 51301 51303 51305 51307 51309 51311 51314 51315 51316 51317 51318 51319 51320 51321 51322 51323 51326 51331 51333 51335 51337 51343 51346 51347 51348 51349 51350 51351 51352 51354 51357 51358 51359 51363 51365 51367 51369 51371 51373 51375 51378 51379 51380 51381 51382 51383 51384 51386 51387 51388 51389 51390 51391 51395 51397 51399 51401 51403 51405 51407 51410 51411 51412 51413 51414 51416 51417 51418 51419 51420 51421 51422 51423 51427 51429 51431 51433 51435 51437 51439 51461 51465 51468 51469 51492 51493 51496 51497 51500 51501 51504 51508 51509 51512 51513 51516 51517 51524 51525 51532 51533 51536 51544 51545 51548 51549 51552 51556 51557 51560 51561 51564 51565 51568 51572 51573 51576 51577 51580 51581 51588 51589 51592 51593 51600 51604 51605 51608 51616 51620 51621 51624 51632 51636 51637 51640 51648 51652 51653 51656 51664 51668 51680 51684 51685 51688 51719 51723 51725 51727 51747 51751 51753 51759 51762 51763 51764 51765 51766 51767 51768 51769 51770 51771 51772 51773 51774 51775 51779 51781 51783 51785 51787 51789 51791 51799 51800 51801 51803 51804 51805 51806 51807 51811 51813 51815 51817 51819 51821 51823 51826 51828 51830 51832 51834 51836 51838 51843 51845 51847 51849 51851 51853 51855 51859 51863 51864 51875 51896 51907 51909 51911 51928 51973 51977 51980 51981 52004 52005 52008 52009 52012 52013 52016 52020 52021 52028 52029 52036 52037 52040 52041 52044 52045 52048 52060 52061 52064 52068 52069 52072 52073 52076 52077 52084 52092 52100 52101 52104 52105 52108 52109 52112 52116 52117 52120 52128 52132 52133 52136 52144 52148 52152 52160 52164 52165 52168 52176 52180 52184 52192 52196 52227 52229 52231 52233 52237 52239 52259 52261 52263 52265 52267 52269 52271 52274 52276 52277 52278 52279 52280 52281 52282 52283 52284 52285 52286 52287 52291 52293 52295 52297 52299 52301 52303 52306 52307 52308 52309 52310 52311 52312 52313 52314 52315 52316 52317 52318 52319 52323 52327 52329 52331 52333 52335 52338 52344 52346 52348 52350 52355 52357 52359 52361 52363 52365 52367 52370 52371 52372 52373 52374 52375 52376 52387 52389 52391 52402 52404 52408 52419 52421 52423 52434 52436 52438 52489 52492 52493 52516 52517 52520 52521 52524 52525 52528 52532 52533 52536 52537 52540 52541 52548 52549 52552 52553 52556 52557 52568 52569 52572 52573 52576 52580 52581 52584 52585 52588 52589 52592 52596 52600 52604 52612 52613 52616 52617 52620 52621 52624 52628 52629 52632 52640 52644 52645 52648 52656 52660 52664 52672 52676 52677 52680 52688 52692 52696 52708 52712 53298 53299 53300 53301 53302 53303 53304 53330 53331 53332 53334 53335 53337 53338 53346 53347 53348 53349 53350 53352 53353 53354 53355 53363 53364 53365 53367 53368 53369 53370 53371 53372 53394 53395 53397 53398 53399 53400 53402 53403 53404 53405 53406 53410 53412 53413 53414 53415 53416 53417 53419 53420 53421 53422 53423 53427 53428 53429 53430 53431 53432 53433 53434 53435 53436 53437 53438 53439 53442 53443 53444 53445 53446 53447 53448 53449 53450 53451 53452 53453 53454 53455 53458 53459 53461 53462 53463 53464 53465 53466 53467 53468 53474 53475 53476 53477 53478 53479 53480 53481 53482 53483 53484 53794 53795 53796 53797 53798 53799 53800 53801 53810 53811 53812 53813 53814 53815 53816 53817 53826 53827 53828 53829 53830 53831 53832 53843 53847 53848 53849 53851 53852 53858 53859 53860 53861 53862 53863 53864 53867 53868 53869 53874 53875 53876 53878 53879 53881 53882 53883 53884 53886 53890 53891 53892 53893 53894 53896 53897 53900 53901 53902 53903 53907 53911 53912 53913 53915 53916 53918 53923 53935 53939 53943 53944 53948 53949 53950 53951 53954 53956 53957 53958 53959 53960 53961 53963 53964 53965 53966 53967 53971 53975 53976 53977 53979 53980 53981 53982 53983 53986 53987 53988 53990 53991 53992 53993 53995 53996 53997 54021 54052 54053 54056 54057 54064 54069 54085 54096 54108 54109 54112 54116 54117 54121 54124 54125 54128 54132 54133 54140 54141 54149 54156 54160 54172 54176 54184 54188 54189 54192 54204 54208 54213 54216 54217 54221 54224 54236 54240 54244 54248 54252 54253 54306 54307 54308 54309 54310 54311 54312 54313 54322 54325 54326 54327 54330 54332 54338 54342 54343 54355 54360 54361 54363 54366 54370 54371 54372 54373 54374 54375 54376 54377 54380 54381 54382 54383 54386 54387 54388 54390 54391 54392 54393 54395 54396 54398 54402 54405 54406 54407 54412 54414 54415 54423 54428 54430 54435 54447 54455 54460 54462 54463 54466 54467 54468 54470 54471 54472 54473 54475 54476 54477 54478 54479 54487 54492 54494 54495 54498 54500 54502 54503 54504 54507 54508 54509 54510 54537 54576 54584 54588 54648 54649 54652 54660 54661 54664 54668 54669 54672 54680 54684 54685 54688 54712 54713 54716 54724 54728 54729 54732 54733 54736 54744 54745 54748 54752 54760 54761 54764 54787 54789 54790 54791 54793 54794 54795 54818 54819 54820 54821 54822 54823 54824 54825 54827 54828 54829 54834 54835 54836 54837 54838 54839 54840 54841 54842 54843 54844 54845 54846 54850 54851 54852 54853 54854 54855 54856 54859 54860 54861 54862 54867 54871 54872 54873 54875 54876 54879 54882 54883 54884 54885 54886 54887 54888 54895 54900 54902 54904 54910 54914 54915 54916 54917 54918 54919 54920 54921 54924 54925 54926 54927 54931 54935 54936 54937 54939 54940 54941 54942 54943 54947 54951 54972 54978 54980 54981 54982 54984 54987 54990 54991 55000 55004 55010 55012 55014 55016 55020 55045 55049 55052 55076 55077 55081 55084 55085 55088 55092 55093 55100 55101 55108 55113 55116 55117 55120 55132 55136 55140 55141 55144 55145 55148 55152 55156 55172 55173 55176 55177 55184 55188 55189 55192 55193 55196 55197 55204 55205 55208 55209 55212 55216 55220 55228 55232 55236 55237 55241 55244 55245 55248 55252 55256 55260 55264 55268 55272 55276 55330 55331 55332 55333 55334 55335 55336 55337 55338 55339 55340 55341 55342 55343 55346 55349 55350 55351 55354 55356 55358 55359 55362 55365 55366 55367 55370 55372 55374 55375 55378 55379 55380 55381 55382 55383 55384 55385 55386 55387 55388 55389 55390 55391 55394 55395 55396 55397 55398 55399 55400 55401 55402 55404 55405 55406 55410 55411 55412 55413 55414 55415 55416 55417 55418 55419 55420 55426 55429 55430 55431 55434 55439 55442 55446 55447 55454 55455 55458 55459 55460 55461 55462 55463 55464 55465 55468 55469 55470 55471 55474 55477 55478 55479 55484 55486 55487 55490 55491 55492 55493 55494 55495 55496 55498 55499 55500 55501 55502 55503 55506 55509 55510 55511 55514 55516 55518 55519 55522 55523 55524 55525 55526 55528 55529 55530 55531 55532 55533 55534 55557 55561 55564 55565 55588 55589 55592 55593 55596 55597 55600 55605 55612 55621 55628 55632 55640 55641 55644 55645 55648 55652 55653 55656 55657 55660 55661 55664 55668 55669 55672 55673 55676 55677 55685 55701 55712 55716 55717 55720 55728 55733 55744 55748 55749 55752 55760 55765 55776 55780 55781 55811 55813 55814 55815 55817 55818 55819 55820 55821 55822 55823 55842 55843 55844 55845 55846 55847 55848 55849 55851 55852 55853 55854 55855 55858 55859 55861 55862 55863 55864 55865 55866 55867 55868 55869 55870 55871 55874 55875 55876 55877 55878 55880 55883 55884 55885 55886 55887 55891 55895 55896 55900 55901 55902 55903 55906 55907 55908 55909 55910 55911 55912 55913 55915 55916 55917 55918 55919 55922 55926 55928 55930 55932 55934 55938 55939 55940 55941 55942 55943 55944 55945 55947 55948 55949 55950 55955 55959 55960 55971 55975 55992 56002 56003 56004 56005 56006 56007 56008 56024 56034 56036 56038 56040 56069 56073 56076 56077 56101 56104 56108 56109 56117 56124 56133 56140 56144 56156 56164 56165 56172 56180 56188 56197 56204 56208 56213 56224 56228 56229 56232 56240 56260 56261 56264 56272 56288 56292 56296 56323 56325 56326 56327 56329 56330 56331 56332 56333 56334 56335 56354 56355 56356 56357 56358 56359 56360 56361 56362 56363 56364 56365 56366 56367 56370 56371 56372 56373 56374 56376 56377 56378 56380 56381 56382 56383 56386 56387 56388 56389 56390 56391 56392 56393 56394 56395 56396 56397 56398 56399 56402 56403 56404 56406 56407 56408 56409 56410 56411 56412 56413 56414 56415 56418 56419 56420 56421 56422 56423 56424 56425 56426 56427 56428 56429 56430 56431 56434 56436 56438 56440 56442 56444 56451 56452 56453 56454 56455 56456 56457 56458 56459 56460 56461 56462 56463 56466 56467 56468 56469 56470 56471 56472 56482 56483 56484 56485 56486 56487 56488 56498 56500 56502 56504 56514 56515 56516 56517 56518 56519 56520 56530 56532 56534 56536 56546 56548 56550 56552 56581 56585 56588 56612 56613 56616 56620 56621 56629 56636 56652 56656 56664 56665 56668 56672 56676 56677 56680 56681 56684 56688 56692 56696 56709 56716 56720 56725 56736 56740 56741 56744 56752 56772 56773 56776 56804 56808

G8（1438 个）
57394 57398 57399 57426 57427 57428 57429 57430 57431 57432 57443 57445 57447 57449 57465 57466 57467 57490 57491 57492 57494 57495 57496 57498 57500 57501 57507 57511 57513 57515 57517 57522 57526 57527 57529 57530 57531 57533 57535 57539 57541 57543 57545 57547 57549 57554 57555 57556 57557 57558 57559 57560 57561 57562 57564 57571 57573 57577 57579 57891 57893 57906 57907 57908 57909 57910 57911 57912 57913 57923 57925 57929 57938 57939 57940 57942 57943 57944 57945 57946 57955 57957 57961 57963 57970 57971 57972 57973 57974 57975 57980 57981 57991 57993 58002 58003 58004 58006 58008 58009 58010 58011 58012 58013 58014 58015 58019 58023 58029 58031 58034 58035 58036 58038 58039 58040 58041 58044 58045 58046 58047 58051 58053 58055 58057 58059 58061 58063 58066 58068 58069 58070 58071 58072 58074 58077 58078 58079 58083 58085 58087 58089 58091 58093 58095 58153 58160 58180 58181 58184 58185 58192 58196 58208 58213 58216 58217 58220 58221 58224 58228 58236 58253 58256 58260 58261 58268 58269 58272 58276 58277 58280 58281 58284 58285 58288 58297 58308 58312 58328 58329 58332 58333 58340 58341 58344 58345 58348 58349 58403 58405 58409 58418 58419 58420 58421 58422 58423 58424 58425 58426 58427 58435 58437 58439 58441 58443 58450 58451 58452 58454 58455 58456 58457 58458 58460 58467 58469 58471 58473 58475 58488 58490 58492 58493 58494 58501 58503 58505 58507 58509 58514 58515 58516 58518 58519 58520 58522 58523 58524 58525 58526 58531 58539 58541 58546 58547 58548 58549 58550 58552 58554 58555 58556 58557 58558 58567 58569 58571 58573 58578 58580 58582 58583 58584 58585 58586 58587 58590 58595 58601 58603 58605 58629 58633 58660 58664 58672 58676 58680 58681 58684 58692 58700 58704 58712 58713 58716 58720 58725 58728 58729 58732 58736 58740 58741 58744 58745 58749 58756 58757 58760 58761 58764 58765 58772 58773 58776 58780 58781 58784 58792 58816 58832 58836 58837 58840 58841 58844 58845 58848 58915 58917 58919 58921 58923 58930 58932 58933 58934 58935 58936 58938 58941 58947 58951 58953 58962 58970 58971 58972 58973 58981 59000 59002 59004 59013 59023 59026 59028 59031 59032 59034 59051 59053 59055 59058 59060 59062 59064 59066 59068 59070 59075 59077 59079 59081 59083 59085 59087 59090 59092 59094 59096 59098 59100 59102 59145 59177 59181 59184 59197 59204 59205 59208 59209 59212 59213 59216 59228 59229 59232 59236 59237 59240 59241 59244 59245 59252 59260 59273 59284 59332 59333 59336 59340 59341 59344 59348 59356 59364 59368 59372 59431 59433 59435 59437 59442 59446 59447 59449 59450 59451 59453 59455 59459 59461 59463 59465 59467 59469 59474 59475 59476 59478 59480 59481 59482 59483 59484 59485 59486 59487 59491 59493 59495 59501 59503 59527 59529 59531 59538 59539 59540 59542 59543 59544 59545 59546 59548 59551 59555 59559 59565 59567 59570 59574 59575 59577 59581 59583 59591 59593 59595 59602 59603 59604 59606 59607 59608 59610 59611 59612 59613 59614 59619 59621 59623 59625 59627 59629 59653 59657 59660 59661 59684 59692 59693 59700 59704 59705 59708 59716 59720 59724 59728 59736 59737 59740 59741 59744 59748 59752 59753 59756 59757 59764 59765 59772 59773 59792 59800 59808 59812 59816 59824 59828 59829 59832 59840 59844 59845 59872 59880 59907 59909 59911 59913 59915 59917 59943 59951 59954 59955 59960 59961 59963 59964 59971 60003 60007 60011 60013 60015 60018 60020 60028 60035 60039 60055 60056 60099 60101 60103 60120 60169 60173 60221 60228 60229 60232 60233 60236 60237 60240 60252 60256 60260 60261 60284 60297 60301 60304 60308 60309 60312 60320 60324 60325 60336 60352 60356 60357 60360 61490 61494 61522 61523 61524 61526 61527 61528 61538 61539 61540 61541 61542 61544 61554 61555 61556 61557 61558 61562 61586 61587 61588 61589 61611 61612 61618 61622 61623 61625 61626 61629 61634 61636 61638 61639 61640 61641 61642 61644 61645 61652 61653 61654 61655 61656 61658 61659 61660 61669 61670 61671 61672 61674 61675 61986 61988 61989 61990 62004 62005 62006 62007 62008 62018 62019 62020 62021 62022 62023 62024 62034 62035 62036 62038 62041 62042 62050 62051 62052 62054 62055 62056 62058 62066 62067 62070 62072 62073 62076 62083 62084 62085 62086 62087 62088 62090 62091 62092 62093 62098 62102 62103 62105 62106 62107 62108 62110 62114 62115 62116 62118 62120 62123 62124 62125 62126 62127 62130 62132 62133 62135 62136 62138 62140 62142 62146 62147 62148 62150 62151 62152 62153 62154 62155 62156 62157 62158 62159 62162 62163 62165 62166 62167 62168 62169 62170 62172 62173 62174 62175 62178 62181 62182 62183 62184 62185 62186 62187 62188 62190 62276 62277 62280 62281 62288 62292 62324 62325 62332 62333 62345 62349 62352 62356 62360 62364 62365 62372 62380 62381 62384 62393 62397 62405 62408 62409 62413 62420 62428 62429 62440 62444 62445 62498 62502 62503 62504 62505 62514 62515 62516 62517 62518 62519 62520 62521 62522 62530 62531 62532 62534 62535 62536 62537 62538 62546 62547 62548 62550 62551 62552 62553 62554 62555 62562 62564 62565 62566 62567 62568 62569 62570 62571 62572 62578 62579 62580 62582 62583 62584 62585 62586 62587 62594 62595 62596 62598 62599 62600 62601 62602 62604 62605 62607 62610 62611 62612 62614 62615 62616 62619 62620 62626 62628 62630 62632 62635 62636 62637 62642 62643 62644 62645 62646 62671 62674 62675 62676 62679 62680 62681 62682 62684 62768 62772 62776 62788 62792 62796 62808 62809 62812 62816 62820 62821 62824 62825 62836 62840 62841 62844 62852 62853 62856 62857 62864 62868 62872 62876 62877 62884 62888 62889 62892 62896 62900 62904 62908 62912 62916 62917 62924 62925 62928 62932 62936 62937 62940 62944 62949 62952 62953 62979 62982 62985 63026 63027 63028 63030 63032 63033 63034 63035 63036 63042 63043 63044 63045 63046 63047 63048 63050 63051 63052 63053 63058 63060 63062 63063 63064 63065 63066 63068 63069 63070 63074 63075 63076 63077 63078 63080 63081 63082 63083 63084 63085 63090 63092 63094 63096 63098 63106 63107 63108 63109 63110 63111 63112 63114 63115 63116 63118 63119 63122 63123 63124 63126 63128 63129 63130 63133 63134 63135 63138 63139 63140 63142 63143 63144 63148 63154 63156 63160 63164 63170 63171 63172 63173 63174 63175 63176 63178 63181 63182 63183 63186 63188 63196 63202 63206 63208 63212 63273 63280 63293 63300 63301 63304 63305 63308 63309 63312 63316 63324 63328 63332 63333 63336 63340 63344 63348 63384 63385 63388 63392 63396 63400 63408 63428 63429 63432 63433 63436 63437 63440 63444 63448 63452 63522 63526 63529 63530 63531 63538 63542 63543 63545 63546 63547 63549 63554 63555 63556 63557 63558 63560 63561 63562 63563 63564 63565 63567 63570 63571 63572 63574 63575 63576 63578 63579 63580 63581 63582 63583 63586 63588 63590 63591 63592 63593 63594 63595 63596 63597 63598 63602 63603 63604 63605 63606 63609 63610 63613 63618 63622 63623 63625 63626 63627 63634 63635 63636 63638 63639 63640 63641 63642 63643 63645 63650 63651 63652 63654 63655 63656 63660 63662 63663 63666 63670 63673 63674 63675 63677 63679 63682 63683 63684 63685 63686 63687 63688 63690 63692 63693 63694 63698 63699 63700 63702 63704 63705 63707 63708 63780 63784 63788 63789 63792 63800 63801 63804 63812 63816 63820 63824 63832 63833 63836 63837 63844 63845 63848 63849 63852 63856 63860 63861 63864 63865 63868 63869 63876 63877 63880 63884 63885 63888 63892 63896 63904 63908 63912 63920 63924 63925 63928 63940 63941 63944 63952 63956 63976 64003 64006 64011 64012 64034 64035 64036 64038 64039 64040 64043 64044 64045 64046 64047 64050 64051 64052 64054 64055 64056 64057 64058 64059 64060 64062 64066 64068 64098 64099 64100 64102 64103 64104 64107 64108 64110 64111 64114 64116 64118 64120 64124 64130 64131 64134 64135 64136 64142 64150 64152 64178 64180 64184 64194 64195 64196 64197 64198 64199 64200 64210 64212 64216 64226 64230 64232 64297 64317 64324 64325 64328 64332 64340 64348 64356 64357 64360 64364 64368 64372 64380 64393 64397 64400 64404 64408 64416 64424 64456 64464 64472 64488 64521 64522 64523 64525 64547 64548 64549 64550 64551 64552 64554 64555 64556 64557 64558 64559 64562 64563 64564 64565 64566 64569 64570 64571 64573 64578 64580 64581 64582 64583 64584 64585 64586 64587 64588 64589 64594 64595 64596 64598 64599 64600 64602 64603 64604 64605 64606 64607 64610 64611 64612 64614 64615 64616 64617 64618 64619 64620 64622 64623 64626 64628 64634 64642 64643 64644 64645 64646 64647 64648 64649 64650 64651 64652 64653 64654 64658 64659 64660 64664 64674 64675 64676 64690 64692 64694 64696 64706 64707 64708 64710 64711 64712 64722 64724 64738 64742 64744 64836 64840 64844 64856 64857 64860 64864 64868 64869 64872 64873 64876 64880 64884 64892 64905 64909 64912 64916 64920 64928 64932 64936 64944 64964 64965 64968 64980 64984