# 普遍性规律

假如a 1-4 b 1-5 c 2-7 d 3-7

1. 不同种类数是3-4种
2. sum 和是 8-23
3. max(G数) - min(G数) ∈ [3, 7]
4. 对于区间，四个数字中 5 6 7 8至少存在1个

计算abcd所有组合种类


662 种组合


# 个体化规律



# 70 是 5613

gap 差值 至少 2000 开外


c 至少3-8
a b 至少一个下跌








四个位置 每个位置候选1-8
假设是abcd, 
cd 至少存在 3-8 其中一个
a<5 b<6 至少满足一个
不同种类数是3-4种
sum 和是 8-23
max(G数) - min(G数) ∈ [3, 7]
对于区间，四个位置中 5 6 7 8至少存在1个
a 2-4
b 1-5
c 3-6
d 5-7


计算存在多少组合



共 147 条有效组合 (a∈{2,3,4}, b∈{1-5}, c∈{3-6}, d∈{5-7})
No.    a   b   c   d    种类数    极差     和
------------------------------------------
1      2   1   3   5      4     4    11
2      2   1   3   6      4     5    12
3      2   1   3   7      4     6    13
4      2   1   4   5      4     4    12
5      2   1   4   6      4     5    13
6      2   1   4   7      4     6    14
7      2   1   5   5      3     4    13
8      2   1   5   6      4     5    14
9      2   1   5   7      4     6    15
10     2   1   6   5      4     5    14
11     2   1   6   6      3     5    15
12     2   1   6   7      4     6    16
13     2   2   3   5      3     3    12
14     2   2   3   6      3     4    13
15     2   2   3   7      3     5    14
16     2   2   4   5      3     3    13
17     2   2   4   6      3     4    14
18     2   2   4   7      3     5    15
19     2   2   5   6      3     4    15
20     2   2   5   7      3     5    16
21     2   2   6   5      3     4    15
22     2   2   6   7      3     5    17
23     2   3   3   5      3     3    13
24     2   3   3   6      3     4    14
25     2   3   3   7      3     5    15
26     2   3   4   5      4     3    14
27     2   3   4   6      4     4    15
28     2   3   4   7      4     5    16
29     2   3   5   5      3     3    15
30     2   3   5   6      4     4    16
31     2   3   5   7      4     5    17
32     2   3   6   5      4     4    16
33     2   3   6   6      3     4    17
34     2   3   6   7      4     5    18
35     2   4   3   5      4     3    14
36     2   4   3   6      4     4    15
37     2   4   3   7      4     5    16
38     2   4   4   5      3     3    15
39     2   4   4   6      3     4    16
40     2   4   4   7      3     5    17
41     2   4   5   5      3     3    16
42     2   4   5   6      4     4    17
43     2   4   5   7      4     5    18
44     2   4   6   5      4     4    17
45     2   4   6   6      3     4    18
46     2   4   6   7      4     5    19
47     2   5   3   5      3     3    15
48     2   5   3   6      4     4    16
49     2   5   3   7      4     5    17
50     2   5   4   5      3     3    16
51     2   5   4   6      4     4    17
52     2   5   4   7      4     5    18
53     2   5   5   6      3     4    18
54     2   5   5   7      3     5    19
55     2   5   6   5      3     4    18
56     2   5   6   6      3     4    19
57     2   5   6   7      4     5    20
58     3   1   3   5      3     4    12
59     3   1   3   6      3     5    13
60     3   1   3   7      3     6    14
61     3   1   4   5      4     4    13
62     3   1   4   6      4     5    14
63     3   1   4   7      4     6    15
64     3   1   5   5      3     4    14
65     3   1   5   6      4     5    15
66     3   1   5   7      4     6    16
67     3   1   6   5      4     5    15
68     3   1   6   6      3     5    16
69     3   1   6   7      4     6    17
70     3   2   3   5      3     3    13
71     3   2   3   6      3     4    14
72     3   2   3   7      3     5    15
73     3   2   4   5      4     3    14
74     3   2   4   6      4     4    15
75     3   2   4   7      4     5    16
76     3   2   5   5      3     3    15
77     3   2   5   6      4     4    16
78     3   2   5   7      4     5    17
79     3   2   6   5      4     4    16
80     3   2   6   6      3     4    17
81     3   2   6   7      4     5    18
82     3   3   4   6      3     3    16
83     3   3   4   7      3     4    17
84     3   3   5   6      3     3    17
85     3   3   5   7      3     4    18
86     3   3   6   5      3     3    17
87     3   3   6   7      3     4    19
88     3   4   3   6      3     3    16
89     3   4   3   7      3     4    17
90     3   4   4   6      3     3    17
91     3   4   4   7      3     4    18
92     3   4   5   6      4     3    18
93     3   4   5   7      4     4    19
94     3   4   6   5      4     3    18
95     3   4   6   6      3     3    19
96     3   4   6   7      4     4    20
97     3   5   3   6      3     3    17
98     3   5   3   7      3     4    18
99     3   5   4   6      4     3    18
100    3   5   4   7      4     4    19
101    3   5   5   6      3     3    19
102    3   5   5   7      3     4    20
103    3   5   6   5      3     3    19
104    3   5   6   6      3     3    20
105    3   5   6   7      4     4    21
106    4   1   3   5      4     4    13
107    4   1   3   6      4     5    14
108    4   1   3   7      4     6    15
109    4   1   4   5      3     4    14
110    4   1   4   6      3     5    15
111    4   1   4   7      3     6    16
112    4   1   5   5      3     4    15
113    4   1   5   6      4     5    16
114    4   1   5   7      4     6    17
115    4   1   6   5      4     5    16
116    4   1   6   6      3     5    17
117    4   1   6   7      4     6    18
118    4   2   3   5      4     3    14
119    4   2   3   6      4     4    15
120    4   2   3   7      4     5    16
121    4   2   4   5      3     3    15
122    4   2   4   6      3     4    16
123    4   2   4   7      3     5    17
124    4   2   5   5      3     3    16
125    4   2   5   6      4     4    17
126    4   2   5   7      4     5    18
127    4   2   6   5      4     4    17
128    4   2   6   6      3     4    18
129    4   2   6   7      4     5    19
130    4   3   3   6      3     3    16
131    4   3   3   7      3     4    17
132    4   3   4   6      3     3    17
133    4   3   4   7      3     4    18
134    4   3   5   6      4     3    18
135    4   3   5   7      4     4    19
136    4   3   6   5      4     3    18
137    4   3   6   6      3     3    19
138    4   3   6   7      4     4    20
139    4   4   3   6      3     3    17
140    4   4   3   7      3     4    18
141    4   4   5   7      3     3    20
142    4   4   6   7      3     3    21
143    4   5   3   6      4     3    18
144    4   5   3   7      4     4    19
145    4   5   4   7      3     3    20
146    4   5   5   7      3     3    21
147    4   5   6   7      4     3    22












