# r13.txt  随机不等间隔  正确值=25207  位置=3125
0000000000011101
0000000000011110
0000000000110101
0000000010001100
0000000010101000
0000000010101101
0000000010110000
0000000011000001
0000000011001110
0000000011100100
0000000100011000
0000000100100011
0000000100100101
0000000100101010
0000000100101011
0000000100110010
0000000101000011
0000000101001000
0000000110001011
0000000110110100
0000000111000100
0000000111000110
0000000111010101
0000000111011001
0000000111101001
0000000111101100
0000001000000101
0000001000011111
0000001000110010
0000001000111111
0000001001000000
0000001001000001
0000001001011001
0000001001100111
0000001001110010
0000001010001100
0000001010100101
0000001010101101
0000001011010101
0000001011011011
0000001011011110
0000001011011111
0000001011111000
0000001100001011
0000001100011100
0000001100101110
0000001100111000
0000001101001010
0000001101011000
0000001110101101
0000001110110100
0000001111010011
0000001111011000
0000001111100111
0000001111111110
0000010000010010
0000010001000000
0000010001000101
0000010001001011
0000010001100001
0000010001110010
0000010001110110
0000010001111110
0000010010001100
0000010010010100
0000010010100011
0000010010110100
0000010010110111
0000010010111010
0000010011001011
0000010011011010
0000010101011000
0000010101011010
0000010110001100
0000010110011001
0000010110011100
0000010110011110
0000010110100000
0000010110110011
0000010110111001
0000010111010011
0000010111100010
0000010111100101
0000010111100110
0000010111111001
0000011001010010
0000011001011011
0000011001011100
0000011001100101
0000011001101000
0000011001101010
0000011001111110
0000011010001101
0000011010010011
0000011010100000
0000011011110010
0000011011110101
0000011100111001
0000011100111110
0000011101110110
0000011101111100
0000011110001000
0000011110110011
0000011111000000
0000011111010100
0000011111100101
0000100000000100
0000100001000100
0000100001111100
0000100010011010
0000100010100001
0000100010110111
0000100010111010
0000100010111100
0000100011011000
0000100011100101
0000100011101101
0000100011110010
0000100011111100
0000100100000001
0000100100000010
0000100100010110
0000100100100110
0000100100110000
0000100100111101
0000100101001000
0000100110011001
0000100110101110
0000100110110011
0000100111000100
0000100111001011
0000100111001111
0000100111100110
0000100111101001
0000100111101101
0000101000000000
0000101001101000
0000101010001111
0000101010010011
0000101010010100
0000101010011000
0000101010011101
0000101010110111
0000101010111111
0000101011000000
0000101011000011
0000101011011110
0000101011100110
0000101011101100
0000101011111111
0000101100000111
0000101100001100
0000101100001110
0000101100010010
0000101100010110
0000101100011101
0000101100101001
0000101100110100
0000101100110101
0000101101100010
0000101101101000
0000101101101111
0000101110001000
0000101110011000
0000101110110000
0000101111000111
0000101111010011
0000101111100001
0000101111101101
0000101111111111
0000110000001001
0000110000100101
0000110000101010
0000110001010011
0000110001101010
0000110001111101
0000110010010010
0000110010100111
0000110010101101
0000110011000011
0000110011000100
0000110011001100
0000110011001110
0000110011011111
0000110011100001
0000110011110110
0000110100010000
0000110100110010
0000110101010001
0000110101010010
0000110101100100
0000110101101111
0000110110000101
0000110110001001
0000110110010000
0000110110011100
0000110111000111
0000110111011101
0000110111100011
0000110111111100
0000111000100000
0000111000100101
0000111000111010
0000111000111011
0000111001010100
0000111001101000
0000111010001001
0000111010001011
0000111010111011
0000111010111100
0000111010111111
0000111011010010
0000111011010111
0000111011011010
0000111011100100
0000111011111010
0000111011111100
0000111100000010
0000111100010111
0000111100011011
0000111100101110
0000111100110001
0000111101000000
0000111101010010
0000111101111110
0000111110101010
0000111111100110
0000111111101000
0001000000010001
0001000000100111
0001000000110111
0001000001000100
0001000001001000
0001000001010011
0001000001010101
0001000001100011
0001000001100100
0001000001111010
0001000010000011
0001000010010000
0001000010011111
0001000011100011
0001000011101011
0001000011111001
0001000100011010
0001000100110111
0001000101110000
0001000101111110
0001000110010110
0001000110011111
0001000110110110
0001000111001010
0001000111101011
0001000111110010
0001000111110011
0001001000000010
0001001000001100
0001001000101000
0001001001001111
0001001001100001
0001001001100010
0001001001101000
0001001010001001
0001001010001110
0001001010101000
0001001011001111
0001001011010000
0001001011011010
0001001011111010
0001001100001111
0001001100100010
0001001101000100
0001001101010001
0001001101011011
0001001101011101
0001001101100011
0001001110000111
0001001110010100
0001001110110000
0001001110110011
0001001110110101
0001001111000100
0001001111001001
0001001111010101
0001001111100101
0001001111100111
0001010000011101
0001010001001100
0001010001010010
0001010001110000
0001010001110111
0001010010000100
0001010010100110
0001010011000011
0001010011100100
0001010100010101
0001010100011010
0001010100101001
0001010101010100
0001010110001110
0001010110001111
0001010110011110
0001010110100100
0001010110100111
0001010110111101
0001010111010000
0001010111101111
0001010111111110
0001010111111111
0001011000001101
0001011000100110
0001011000111100
0001011001001001
0001011001011100
0001011001101111
0001011010010100
0001011010100100
0001011011010101
0001011011100000
0001011011101011
0001011011110000
0001011100011001
0001011100011010
0001011100110111
0001011100111001
0001011101000000
0001011101011111
0001011101111110
0001011110000010
0001011110010011
0001011110010111
0001011110111000
0001011111000010
0001011111001110
0001011111001111
0001011111010010
0001011111010101
0001011111110111
0001100000100001
0001100000101001
0001100000111011
0001100000111101
0001100001010110
0001100001011011
0001100010000110
0001100010001001
0001100010001100
0001100010011010
0001100010011111
0001100011000000
0001100011010000
0001100011100010
0001100011111111
0001100100010100
0001100100100010
0001100100101000
0001100100110011
0001100100110110
0001100100111011
0001100101000011
0001100101100110
0001100110000100
0001100110010000
0001100110101101
0001100111011111
0001100111100000
0001100111101001
0001101000010110
0001101000011100
0001101000100001
0001101000101011
0001101000110111
0001101001010100
0001101001010110
0001101001100101
0001101001101010
0001101001110010
0001101001110110
0001101010010001
0001101010011000
0001101010110001
0001101011000001
0001101011010000
0001101011010111
0001101011111011
0001101100000000
0001101100100010
0001101101000011
0001101101110100
0001101101111001
0001101110000101
0001101110001100
0001101110011011
0001101110100111
0001101110111011
0001101111000011
0001101111001001
0001101111010011
0001101111010111
0001110000010111
0001110000100010
0001110000110101
0001110001001011
0001110001001110
0001110001100000
0001110001101000
0001110001110110
0001110001111100
0001110010000001
0001110010000111
0001110010011100
0001110010101011
0001110010111000
0001110010111011
0001110011001111
0001110011101010
0001110011101110
0001110011110010
0001110100001111
0001110100100011
0001110101001111
0001110101010101
0001110101100000
0001110101101001
0001110101101100
0001110110000001
0001110110001000
0001110110101101
0001110110110000
0001110110110011
0001110111001000
0001110111001001
0001110111010110
0001111000000011
0001111000111001
0001111000111100
0001111000111111
0001111001001101
0001111001101011
0001111010000011
0001111010001001
0001111010100000
0001111010110010
0001111010110011
0001111010111100
0001111010111111
0001111011001111
0001111011100101
0001111011100110
0001111011101011
0001111011101111
0001111011110011
0001111100101000
0001111100110110
0001111101011010
0001111101011110
0001111110100010
0001111110101000
0001111110111011
0001111111000001
0001111111001010
0001111111110001
0001111111110011
0001111111110110
0001111111110111
0010000000000011
0010000000000111
0010000000100101
0010000000110011
0010000001011000
0010000010000000
0010000010000001
0010000010010001
0010000010010100
0010000010011100
0010000010101110
0010000011010101
0010000011110000
0010000011110010
0010000011110101
0010000100000010
0010000100011000
0010000100100000
0010000100101010
0010000100110101
0010000100111001
0010000101000110
0010000101001101
0010000101010010
0010000101100011
0010000101110010
0010000101111101
0010000110001111
0010000110011011
0010000110100101
0010000110110000
0010000110111101
0010000110111110
0010000111000101
0010000111011100
0010000111100101
0010000111101011
0010000111110010
0010000111111001
0010001000001001
0010001000011010
0010001000110011
0010001000111111
0010001001000110
0010001001101001
0010001001101110
0010001010110100
0010001010111111
0010001011010001
0010001011100010
0010001011110011
0010001100000101
0010001100001011
0010001110011011
0010001110110000
0010001110110110
0010001111000010
0010001111000100
0010001111000101
0010001111000111
0010001111110001
0010010000000010
0010010000001100
0010010000101111
0010010001001101
0010010001011111
0010010001101101
0010010010000110
0010010010100010
0010010010100101
0010010010110110
0010010011001111
0010010011010010
0010010011100001
0010010100000101
0010010100100011
0010010101100000
0010010110000010
0010010110010010
0010010110100000
0010010110100010
0010010111001011
0010010111001101
0010010111101010
0010010111111000
0010011000000100
0010011000011110
0010011000100011
0010011000110010
0010011001001011
0010011001001111
0010011001011010
0010011001100000
0010011001101010
0010011010011001
0010011011000100
0010011011011111
0010011100000111
0010011100101000
0010011100101001
0010011100101010
0010011100111001
0010011100111100
0010011101110111
0010011110101001
0010011110101110
0010011110110000
0010011111000100
0010011111001110
0010011111111000
0010100000101111
0010100000110100
0010100000111111
0010100001010011
0010100001011011
0010100001110011
0010100001111010
0010100001111100
0010100010000000
0010100010010000
0010100010011100
0010100010100010
0010100011000000
0010100011010001
0010100011100110
0010100011100111
0010100011110011
0010100011111010
0010100100000101
0010100100001100
0010100100011100
0010100100101011
0010100100101101
0010100100101111
0010100101000000
0010100101000001
0010100101000101
0010100101110100
0010100110001001
0010100110010110
0010100110111010
0010100111010001
0010100111011110
0010100111110010
0010100111110101
0010101000011011
0010101000111010
0010101001000101
0010101010001101
0010101010010000
0010101010101100
0010101011101001
0010101011111010
0010101011111111
0010101100000111
0010101100100111
0010101100101100
0010101100110101
0010101100111000
0010101101011110
0010101101100101
0010101101101010
0010101101110100
0010101110000000
0010101110000001
0010101110000100
0010101110101101
0010101110101110
0010101111000101
0010101111010001
0010101111011100
0010101111101011
0010110000101010
0010110000101101
0010110000110110
0010110000110111
0010110001000000
0010110001000110
0010110001100111
0010110010000110
0010110010001011
0010110010011100
0010110010100111
0010110010101000
0010110010110000
0010110011010011
0010110011100010
0010110011101000
0010110011101110
0010110011111000
0010110011111111
0010110100011111
0010110100110100
0010110101000100
0010110101000101
0010110101000110
0010110101001010
0010110101001111
0010110101100101
0010110101100111
0010110110000000
0010110110000111
0010110110001000
0010110110010000
0010110110010111
0010110110111011
0010110110111101
0010110111000100
0010110111010111
0010110111101111
0010110111110110
0010111000100000
0010111000110000
0010111001001101
0010111001110001
0010111001110100
0010111010000010
0010111010001001
0010111010100101
0010111010100110
0010111010101110
0010111010111010
0010111011010101
0010111011100010
0010111011100011
0010111011100101
0010111011100110
0010111011111000
0010111100010011
0010111100011101
0010111100100001
0010111100101101
0010111100101110
0010111101011010
0010111101111011
0010111110000011
0010111110010100
0010111110100110
0010111110100111
0010111110101011
0010111110110001
0010111110110010
0010111110111001
0010111111001010
0010111111001101
0010111111001111
0010111111100011
0010111111101010
0010111111110111
0011000000000010
0011000000011011
0011000000100111
0011000000101101
0011000000101111
0011000000111000
0011000000111100
0011000001001000
0011000001010110
0011000001110101
0011000010000011
0011000010000111
0011000010001111
0011000010010101
0011000010011010
0011000010100010
0011000010100110
0011000010101101
0011000011000110
0011000011001000
0011000011001010
0011000011010000
0011000011011101
0011000011011110
0011000011110100
0011000100001011
0011000100011100
0011000100011101
0011000101000001
0011000101001100
0011000101011000
0011000101111000
0011000110010100
0011000111001100
0011000111001101
0011000111100110
0011000111111101
0011001000011100
0011001000110011
0011001001000010
0011001001000111
0011001001101101
0011001010100110
0011001010111101
0011001100101001
0011001101001101
0011001101011000
0011001101011011
0011001101101101
0011001110001001
0011001110011100
0011001110100110
0011001110101001
0011001110110111
0011001111011111
0011001111100111
0011001111110010
0011010000010000
0011010000011101
0011010000111101
0011010001010011
0011010001100111
0011010010001100
0011010010010010
0011010010111100
0011010011000101
0011010011000110
0011010011010010
0011010011011101
0011010011100110
0011010011110010
0011010100000010
0011010100001100
0011010100010011
0011010100011101
0011010100100010
0011010100100100
0011010100111010
0011010101000001
0011010101000101
0011010101110010
0011010101111011
0011010110111011
0011010111000011
0011010111001000
0011010111001011
0011010111001111
0011010111100000
0011010111101010
0011011000010111
0011011000100100
0011011000100110
0011011000110111
0011011001000100
0011011001001001
0011011001001110
0011011001010110
0011011001100111
0011011001101110
0011011001110011
0011011001110100
0011011001110101
0011011010001110
0011011010011111
0011011010111000
0011011011010001
0011011011100011
0011011011110010
0011011011110111
0011011100000010
0011011100001011
0011011100100000
0011011100100100
0011011100100101
0011011100100111
0011011100111000
0011011101011110
0011011101110010
0011011101111111
0011011110011010
0011011110011101
0011011110100101
0011011110101101
0011011110111101
0011011111001011
0011011111100001
0011011111101111
0011011111110001
0011011111110010
0011011111111001
0011011111111101
0011100000001100
0011100000011000
0011100000011111
0011100000101111
0011100000110011
0011100001001000
0011100001010101
0011100001011011
0011100001100000
0011100001111001
0011100001111101
0011100010100100
0011100010111101
0011100011100000
0011100011100011
0011100011110111
0011100100000011
0011100100000110
0011100100110000
0011100101000101
0011100101001010
0011100101100010
0011100101110011
0011100110000100
0011100110001110
0011100110010001
0011100110010101
0011100110101110
0011100111000100
0011100111010010
0011100111011111
0011100111100100
0011100111101001
0011100111110000
0011101000000101
0011101000001011
0011101000001100
0011101000001110
0011101000010010
0011101000011100
0011101000110000
0011101001011101
0011101001100110
0011101001101010
0011101001110000
0011101001110100
0011101010101001
0011101011000011
0011101011000110
0011101011001000
0011101011111001
0011101011111111
0011101100010001
0011101100011100
0011101100101010
0011101100111010
0011101100111100
0011101101001000
0011101101010011
0011101101010100
0011101101011100
0011101110010000
0011101110010010
0011101110011001
0011101110100101
0011101110110010
0011101110110110
0011101111000110
0011101111011100
0011101111110110
0011110000000100
0011110001000011
0011110001000110
0011110001101011
0011110001110101
0011110001111001
0011110001111101
0011110010000000
0011110010010011
0011110011111101
0011110100001000
0011110100100100
0011110100110110
0011110100110111
0011110101100010
0011110101101001
0011110101110100
0011110101110111
0011110110000100
0011110110011111
0011110110100111
0011110110110100
0011110111100001
0011110111100111
0011111000001001
0011111000010110
0011111000011001
0011111000011011
0011111000011100
0011111000100001
0011111000110100
0011111001101111
0011111001110111
0011111001111100
0011111010010010
0011111010100011
0011111010111101
0011111011000011
0011111011010100
0011111011011110
0011111011101111
0011111011111101
0011111100000101
0011111100001001
0011111100100010
0011111100101011
0011111100101100
0011111100101110
0011111100111011
0011111101010101
0011111101011111
0011111101110010
0011111101110011
0011111101111010
0011111110000001
0011111110001101
0011111110011110
0011111110110100
0011111110111010
0011111110111101
0011111111010000
0011111111100000
0011111111101000
0011111111101101
0011111111110000
0011111111111001
0011111111111100
0100000000000010
0100000000001110
0100000000101111
0100000000111010
0100000001000011
0100000001001001
0100000001010110
0100000001010111
0100000001011011
0100000001101111
0100000001110111
0100000010100011
0100000010101010
0100000010101111
0100000010111010
0100000011000000
0100000011000100
0100000011001011
0100000011010011
0100000100000011
0100000100000110
0100000100001110
0100000100110011
0100000100111111
0100000101001000
0100000101010000
0100000101010111
0100000101100010
0100000101110111
0100000110000000
0100000110010111
0100000110101011
0100000111001100
0100000111011001
0100000111011011
0100001000001001
0100001000010100
0100001000011110
0100001000101110
0100001000110011
0100001001000011
0100001001010000
0100001001100000
0100001010010001
0100001010100001
0100001011000000
0100001011010100
0100001011011001
0100001011011110
0100001011110010
0100001011110101
0100001100001001
0100001100100110
0100001100101000
0100001101010111
0100001101100010
0100001101111011
0100001101111111
0100001110000001
0100001110011111
0100001110101111
0100001110110100
0100001110111000
0100001111101100
0100001111110111
0100001111111100
0100010000000001
0100010000010001
0100010000011000
0100010000011010
0100010000101110
0100010000110101
0100010000111000
0100010001001110
0100010001100110
0100010001111101
0100010010000101
0100010010101001
0100010011011110
0100010011101011
0100010011101101
0100010011101111
0100010011111100
0100010100001001
0100010100100010
0100010100100100
0100010100101101
0100010101011001
0100010101011100
0100010101011111
0100010101100111
0100010110110111
0100010111011111
0100010111110010
0100010111111011
0100010111111101
0100011000000000
0100011000000101
0100011000001001
0100011000010011
0100011000101011
0100011001010111
0100011001100011
0100011010000101
0100011010001100
0100011010010110
0100011010100010
0100011010101001
0100011011000000
0100011011001111
0100011011010111
0100011011100000
0100011100000011
0100011100001000
0100011100001101
0100011100010001
0100011100101101
0100011100111100
0100011100111110
0100011101000000
0100011101000001
0100011101000010
0100011101010000
0100011101010010
0100011101010100
0100011101100001
0100011101110001
0100011101110111
0100011110010010
0100011110010011
0100011110010100
0100011110010101
0100011110011000
0100011110100110
0100011110101000
0100011110101011
0100011110110101
0100011110110111
0100011110111001
0100011111000100
0100011111001011
0100011111010010
0100011111011000
0100011111100000
0100011111100010
0100011111110110
0100011111111011
0100011111111110
0100100000010001
0100100000010010
0100100000011100
0100100000011111
0100100000100001
0100100000101011
0100100001000110
0100100001001100
0100100001100010
0100100001100110
0100100001110011
0100100010000011
0100100010100010
0100100010110101
0100100011000101
0100100011101011
0100100011101100
0100100011101111
0100100100010000
0100100101000100
0100100101101111
0100100101111100
0100100110000101
0100100110101010
0100100110101100
0100100110110011
0100100110110111
0100100111001111
0100100111011101
0100100111101000
0100100111110101
0100101000000001
0100101000001011
0100101000010011
0100101001001000
0100101001010010
0100101001100110
0100101001100111
0100101001101011
0100101001110000
0100101010001111
0100101010010011
0100101010101001
0100101010110100
0100101010111001
0100101010111110
0100101011010000
0100101011010001
0100101011011100
0100101011011111
0100101011100110
0100101011101000
0100101011111000
0100101100110000
0100101100111000
0100101101110010
0100101101110110
0100101110001011
0100101110010010
0100101110010100
0100101110011011
0100101110011111
0100101110111100
0100101110111101
0100101111011011
0100101111100101
0100110000001010
0100110000101000
0100110000111111
0100110001000001
0100110001000011
0100110010000101
0100110010011000
0100110010011001
0100110010011101
0100110011000001
0100110011001000
0100110011001100
0100110011101001
0100110011101100
0100110011111000
0100110100010001
0100110100010111
0100110100011101
0100110100110001
0100110100111010
0100110101010110
0100110101110001
0100110101110100
0100110101110110
0100110101111100
0100110110001101
0100110110001111
0100110110011100
0100110110100001
0100110110100011
0100110110100101
0100110110101111
0100110110111111
0100110111101100
0100110111110110
0100110111111111
0100111000000111
0100111000010001
0100111001101001
0100111001111001
0100111001111010
0100111010001100
0100111010010001
0100111010011010
0100111011001010
0100111011001110
0100111011011101
0100111011101101
0100111011110110
0100111100011101
0100111100100010
0100111100100011
0100111100101111
0100111100110111
0100111101011110
0100111101111111
0100111110101101
0100111111001110
0100111111010011
0100111111100011
0100111111101100
0100111111110111
0100111111111010
0101000000010111
0101000000011101
0101000000101100
0101000000110011
0101000001000011
0101000001010101
0101000010000000
0101000010010011
0101000010100001
0101000010101100
0101000010111101
0101000011001110
0101000011001111
0101000011010011
0101000011011010
0101000011100000
0101000100000010
0101000100101010
0101000101001111
0101000101100000
0101000101111110
0101000110000110
0101000111100011
0101000111100111
0101000111101001
0101000111101100
0101000111101101
0101000111111000
0101000111111110
0101001000000010
0101001000001000
0101001000011101
0101001000110000
0101001001001001
0101001001011000
0101001001011101
0101001001101000
0101001001111000
0101001001111010
0101001010001011
0101001010010000
0101001010011000
0101001010110110
0101001010111101
0101001011000110
0101001011100100
0101001011101110
0101001011101111
0101001100000110
0101001100010100
0101001100100001
0101001100111110
0101001101001101
0101001101110101
0101001101111111
0101001110011111
0101001110111011
0101001111010100
0101001111110000
0101001111111000
0101001111111100
0101010000001110
0101010000010011
0101010000101000
0101010000111100
0101010001100111
0101010001101111
0101010010001011
0101010010101010
0101010010111010
0101010011000010
0101010011001011
0101010011100100
0101010011100110
0101010011101000
0101010011101101
0101010011111011
0101010100000101
0101010100100000
0101010100111010
0101010101010111
0101010101011000
0101010101101001
0101010110001001
0101010110100101
0101010110111110
0101010111001010
0101010111110010
0101010111111000
0101011000000000
0101011000010001
0101011000010010
0101011000101101
0101011000110010
0101011001011100
0101011001100101
0101011001110000
0101011001110111
0101011010001011
0101011010010010
0101011010100011
0101011010100101
0101011010101010
0101011011000001
0101011011000110
0101011011011001
0101011011111111
0101011100000010
0101011100000101
0101011100000110
0101011100001000
0101011100001111
0101011100011000
0101011100111110
0101011100111111
0101011101001101
0101011101110101
0101011110000110
0101011110001100
0101011110100010
0101011110101110
0101011110110010
0101011110111101
0101011111000010
0101011111010001
0101011111010110
0101011111100001
0101100000001111
0101100000110111
0101100000111010
0101100001000110
0101100001001000
0101100001100011
0101100001110011
0101100010101110
0101100010110011
0101100011001001
0101100011111000
0101100100011001
0101100100101000
0101100100101010
0101100100110010
0101100100111100
0101100101000110
0101100101000111
0101100101010000
0101100101010110
0101100101011010
0101100101110000
0101100110001001
0101100110010010
0101100110100101
0101100110101111
0101100111001010
0101100111001100
0101100111001111
0101100111010110
0101100111011011
0101100111101001
0101100111101101
0101101000110001
0101101000110100
0101101001010011
0101101001111101
0101101010000101
0101101010000110
0101101010011001
0101101010101010
0101101011000001
0101101011010001
0101101011100110
0101101011111100
0101101100000000
0101101100000111
0101101100001101
0101101100110101
0101101101011101
0101101101100011
0101101101100100
0101101101101010
0101101101111110
0101101110011110
0101101110100011
0101101110110001
0101101110110111
0101101111110001
0101101111111101
0101110000010010
0101110001000010
0101110001100110
0101110001101001
0101110001101011
0101110001111011
0101110001111111
0101110010001001
0101110010011010
0101110010100001
0101110010111111
0101110011000110
0101110011001101
0101110011100010
0101110011100101
0101110011101000
0101110011111101
0101110100000001
0101110100000110
0101110100010000
0101110100010111
0101110100100100
0101110100101010
0101110100101101
0101110100110000
0101110100110110
0101110101011001
0101110101110010
0101110110010010
0101110110010011
0101110110100010
0101110110100100
0101110110101000
0101110110110110
0101110111010000
0101110111011001
0101110111100011
0101110111101101
0101111000101000
0101111000111101
0101111001000000
0101111001000110
0101111001001010
0101111001001011
0101111001001110
0101111001010101
0101111001011101
0101111001100001
0101111001100010
0101111001110000
0101111001111110
0101111010011100
0101111010100011
0101111010100100
0101111010101000
0101111011010011
0101111011110101
0101111011111101
0101111100011010
0101111100100110
0101111100110001
0101111100110011
0101111100111001
0101111101101111
0101111101110000
0101111110110111
0101111110111110
0101111111100001
0101111111110110
0101111111111111
0110000000011011
0110000000011100
0110000000101110
0110000000110010
0110000000111011
0110000001000111
0110000001010101
0110000001101010
0110000010000010
0110000010100100
0110000010101111
0110000011001001
0110000011100101
0110000011101011
0110000100010001
0110000100011110
0110000100100010
0110000100111110
0110000101100000
0110000110010101
0110000110011011
0110000110101010
0110000110111011
0110000111011010
0110000111011110
0110000111111000
0110000111111101
0110000111111110
0110001000100011
0110001000101011
0110001000101110
0110001000101111
0110001000110110
0110001000110111
0110001001100010
0110001001101001
0110001001111010
0110001010001100
0110001010010010
0110001010100110
0110001010101011
0110001011100100
0110001011101100
0110001011110010
0110001011111101
0110001100010011
0110001100010111
0110001100011011
0110001100101100
0110001100111001
0110001101100101
0110001101101101
0110001101110100
0110001110000010
0110001110000110
0110001110011000
0110001110011001
0110001110101111
0110001111010010
0110001111011001
0110001111011111
0110001111101000
0110001111110100
0110001111111001
0110010000000010
0110010000001000
0110010000100100
0110010000111011
0110010000111111
0110010001000001
0110010001000100
0110010001111011
0110010010001000
0110010010001010
0110010011001010
0110010011100110
0110010011110100
0110010011111010
0110010100010011
0110010100101000
0110010101000101
0110010101110000
0110010110000001
0110010110010001
0110010110100101
0110010110100110
0110010110110000
0110010110111111
0110010111001001
0110010111010011
0110010111010101
0110010111100101
0110010111100110
0110010111111000
0110011000010100
0110011000100111
0110011000101101
0110011000110001
0110011001001010
0110011010000111
0110011010001100
0110011010011101
0110011010110010
0110011011001010
0110011011001110
0110011011100011
0110011011110101
0110011100001100
0110011100101101
0110011100110010
0110011101001111
0110011101010100
0110011101100011
0110011101110110
0110011110110111
0110011111000000
0110011111000011
0110011111010100
0110011111010110
0110011111010111
0110011111110100
0110100000000000
0110100000000011
0110100000010001
0110100000101111
0110100000110001
0110100000110110
0110100001000100
0110100001101010
0110100010010000
0110100010111100
0110100011011000
0110100011011001
0110100011101010
0110100011111001
0110100011111110
0110100100010100
0110100100010110
0110100100100110
0110100101101110
0110100101110111
0110100110011101
0110100110111011
0110100111001000
0110100111100100
0110100111101010
0110101000011010
0110101000011011
0110101000101010
0110101000110001
0110101000110111
0110101000111010
0110101001010100
0110101001101011
0110101001101100
0110101001111111
0110101010001001
0110101010001010
0110101010001011
0110101010101010
0110101011101100
0110101101000000
0110101101011101
0110101101011111
0110101101101010
0110101101101100
0110101101110110
0110101110001001
0110101110001010
0110101110001111
0110101110011111
0110101110100010
0110101110100110
0110101110101000
0110101110111011
0110110000000100
0110110000110000
0110110001010100
0110110001011000
0110110010010010
0110110010011011
0110110010101111
0110110010111001
0110110011011011
0110110011100011
0110110011101001
0110110011101011
0110110011110010
0110110011111100
0110110100010100
0110110100011011
0110110100111000
0110110100111011
0110110101100100
0110110101100101
0110110101111010
0110110101111011
0110110101111110
0110110110001011
0110110110101001
0110110110101111
0110110111100010
0110110111100110
0110110111101010
0110111000001101
0110111000011100
0110111001000100
0110111001100101
0110111001101000
0110111001110010
0110111001111100
0110111010001111
0110111010010000
0110111010011101
0110111010100000
0110111010101001
0110111010111111
0110111011001001
0110111011111010
0110111100001000
0110111100011010
0110111100101001
0110111100110011
0110111101000010
0110111101011010
0110111110000011
0110111110010001
0110111110011011
0110111110100101
0110111110110010
0110111110110110
0110111111001011
0110111111001111
0110111111010111
0110111111110000
0111000000000000
0111000000001001
0111000000001100
0111000000001101
0111000000100000
0111000000100011
0111000000101110
0111000000110010
0111000001000010
0111000001000101
0111000001010000
0111000001010010
0111000010001111
0111000010101000
0111000011000001
0111000011000111
0111000011011111
0111000011110000
0111000011110110
0111000100010100
0111000100101110
0111000101000100
0111000101001001
0111000101111011
0111000110001101
0111000110110111
0111000110111100
0111000111000111
0111000111100000
0111000111111000
0111001000001000
0111001000111000
0111001001000110
0111001001010101
0111001001110110
0111001010101100
0111001010111001
0111001011100010
0111001011110000
0111001100010110
0111001100101010
0111001101000011
0111001101001111
0111001101111001
0111001110010010
0111001110100111
0111001110110100
0111001111000001
0111001111001011
0111001111001101
0111001111110110
0111010000000000
0111010000000011
0111010000000101
0111010000100011
0111010000101011
0111010000111110
0111010001000101
0111010001001100
0111010001011111
0111010010010110
0111010010011000
0111010010110110
0111010011010100
0111010011100000
0111010011101001
0111010011110000
0111010100000010
0111010100010010
0111010100011001
0111010101001000
0111010101111110
0111010101111111
0111010110001101
0111010110010100
0111010110011100
0111010110111110
0111010111000001
0111010111000010
0111010111010011
0111010111011001
0111010111101100
0111011000000010
0111011001000011
0111011001011010
0111011001011101
0111011001110100
0111011001110110
0111011010001000
0111011010010010
0111011010101011
0111011010101100
0111011010101111
0111011010111001
0111011011000101
0111011011001100
0111011011010000
0111011011010111
0111011011111100
0111011100010001
0111011100011011
0111011100111100
0111011101010001
0111011101010011
0111011101011011
0111011101111101
0111011110001100
0111011110010010
0111011110100001
0111011110100011
0111011110111010
0111011111001010
0111011111011000
0111011111110101
0111100000010000
0111100000011111
0111100000100001
0111100000100100
0111100000110010
0111100000111011
0111100000111111
0111100001100000
0111100001101001
0111100010000101
0111100010010111
0111100010100000
0111100010100011
0111100010101001
0111100010111011
0111100010111111
0111100011011110
0111100011100111
0111100100000010
0111100100010111
0111100100011111
0111100100100011
0111100100111001
0111100100111011
0111100101110001
0111100110000100
0111100110011100
0111100110100001
0111100110111110
0111100111000011
0111100111010011
0111100111101111
0111100111111000
0111101000000101
0111101000001001
0111101001000010
0111101001001100
0111101001110101
0111101001111110
0111101010000001
0111101010001100
0111101011110000
0111101100010011
0111101100111100
0111101101011101
0111101101111110
0111101101111111
0111101110001111
0111101110010101
0111101110101000
0111101110110001
0111101110110111
0111110000111001
0111110001001110
0111110001011000
0111110001101101
0111110001110011
0111110010001011
0111110010010101
0111110010010110
0111110010011100
0111110010011110
0111110010101000
0111110010111010
0111110011000011
0111110011000101
0111110011010101
0111110011011100
0111110011101100
0111110100100101
0111110100110111
0111110100111110
0111110101001000
0111110110010011
0111110110100101
0111110110100110
0111110110111111
0111110111000001
0111110111001111
0111110111011110
0111110111100011
0111110111101111
0111110111110110
0111111000001101
0111111000011110
0111111000011111
0111111000100001
0111111001000110
0111111001001101
0111111001111110
0111111010000100
0111111010010110
0111111010011110
0111111010101111
0111111010110111
0111111011011001
0111111011101011
0111111011111100
0111111100010100
0111111100010111
0111111100011100
0111111100100111
0111111100101010
0111111101000100
0111111101011001
0111111101101001
0111111101101100
0111111101111001
0111111110000010
0111111110001111
0111111110100100
0111111110111110
0111111111000000
0111111111000101
0111111111010110
0111111111101010
0111111111101101
0111111111110101
0111111111111010
1000000000010010
1000000000010111
1000000000101010
1000000000110110
1000000000111110
1000000001011100
1000000001100000
1000000001100011
1000000001100111
1000000010000010
1000000010011000
1000000010100001
1000000010111010
1000000011101011
1000000011110000
1000000011110011
1000000100000101
1000000100011001
1000000100111010
1000000101000111
1000000101111001
1000000110000110
1000000110001011
1000000110001110
1000000110010000
1000000110010101
1000000110011000
1000000110011010
1000000110110000
1000000110111000
1000000111101101
1000000111101110
1000000111110100
1000000111111001
1000000111111100
1000001000010001
1000001001000000
1000001001000010
1000001001000100
1000001001010110
1000001001010111
1000001001110000
1000001001111101
1000001010000000
1000001010101101
1000001011101100
1000001011111111
1000001100000101
1000001100100011
1000001100110110
1000001101000111
1000001101101001
1000001101111111
1000001110100001
1000001110101001
1000001110110010
1000001110111111
1000001111001100
1000001111011001
1000001111011111
1000001111100001
1000001111101010
1000010000000111
1000010000001000
1000010000010100
1000010000101101
1000010000110111
1000010000111011
1000010001001011
1000010001010011
1000010001011000
1000010001110001
1000010001110111
1000010010100011
1000010010100110
1000010010101110
1000010011000110
1000010011001101
1000010011010111
1000010011011010
1000010011110010
1000010011111011
1000010011111101
1000010100001001
1000010100001010
1000010100011101
1000010100101000
1000010100101001
1000010100111001
1000010101100000
1000010101101101
1000010101110010
1000010101111011
1000010110001001
1000010110010101
1000010110011110
1000010110100011
1000010110111111
1000010111001100
1000010111011001
1000010111100101
1000011000000011
1000011000001001
1000011000001100
1000011000110010
1000011000110100
1000011000111110
1000011001001100
1000011001010001
1000011001010111
1000011001011100
1000011001110110
1000011010001101
1000011010100100
1000011011000011
1000011011001010
1000011011001011
1000011011111010
1000011100000001
1000011100001101
1000011100101110
1000011100110010
1000011100110111
1000011100111101
1000011101001111
1000011101010010
1000011101011001
1000011101110011
1000011110010101
1000011110011011
1000011111000110
1000011111011001
1000011111100100
1000011111111011
1000100000001000
1000100000001101
1000100000100011
1000100000111111
1000100001011010
1000100001011101
1000100001101000
1000100010100101
1000100010110100
1000100010111010
1000100011000111
1000100011010110
1000100011101100
1000100011101110
1000100100000001
1000100100010111
1000100100111011
1000100100111100
1000100100111101
1000100101001001
1000100101010101
1000100101011100
1000100101101100
1000100110010001
1000100110011011
1000100110011111
1000100110110001
1000100111010000
1000100111010010
1000100111010101
1000100111011000
1000100111111010
1000101000010101
1000101000011000
1000101000011010
1000101000100100
1000101000111110
1000101001011000
1000101001011110
1000101001100010
1000101001101000
1000101001101001
1000101010011111
1000101010100010
1000101011000001
1000101011000100
1000101011001000
1000101011010010
1000101011011101
1000101100001100
1000101100010011
1000101100110010
1000101100110011
1000101101011011
1000101101101101
1000101101110110
1000101110010001
1000101110111011
1000101110111111
1000101111001100
1000101111111101
1000110000010101
1000110000110011
1000110001001000
1000110001101111
1000110001110001
1000110001110101
1000110010001100
1000110010101001
1000110010101010
1000110011011100
1000110011011110
1000110011101101
1000110101010111
1000110101100110
1000110110000000
1000110110111101
1000110111010100
1000110111100100
1000110111101011
1000110111101111
1000111000000010
1000111000000100
1000111000000111
1000111000100101
1000111000101101
1000111000101111
1000111001001000
1000111001010100
1000111001011010
1000111001011100
1000111001100000
1000111001100010
1000111010000100
1000111010100100
1000111010101111
1000111011001000
1000111011001010
1000111011001110
1000111011010000
1000111011101000
1000111011111000
1000111100001011
1000111100100100
1000111100110011
1000111100110101
1000111100111111
1000111101001110
1000111101010011
1000111101100000
1000111101100110
1000111101101000
1000111101111010
1000111110000010
1000111110010110
1000111110100010
1000111110100101
1000111110101011
1000111111011011
1000111111100111
1000111111110011
1000111111110111
1001000000100110
1001000000111011
1001000000111111
1001000001001100
1001000010000110
1001000011000001
1001000011100001
1001000011110010
1001000011110101
1001000011110110
1001000011111111
1001000100000100
1001000100001010
1001000100010101
1001000100011011
1001000100011100
1001000100110011
1001000100111010
1001000101010100
1001000101011000
1001000101110011
1001000110000011
1001000110001001
1001000110101100
1001000110101111
1001000110110000
1001000111000010
1001000111011001
1001000111100001
1001000111100100
1001000111100110
1001000111110101
1001000111111011
1001001000001110
1001001000111101
1001001001011101
1001001001100101
1001001001110111
1001001010000010
1001001010011110
1001001010100011
1001001010100110
1001001011001001
1001001011100101
1001001011101011
1001001100001001
1001001100011011
1001001100100100
1001001100100110
1001001100101011
1001001100111101
1001001101000001
1001001101000011
1001001101101110
1001001110001000
1001001110100100
1001001110111010
1001001111100000
1001001111100010
1001001111101110
1001001111110010
1001010000000101
1001010000101111
1001010000111011
1001010001001101
1001010001101100
1001010010011110
1001010010011111
1001010010110000
1001010011001101
1001010100010000
1001010100010101
1001010100100101
1001010100100111
1001010100111101
1001010101110111
1001010101111011
1001010101111100
1001010110001000
1001010110001101
1001010110001111
1001010110010001
1001010110010111
1001010110100111
1001010110111100
1001010111001010
1001010111001100
1001011000001001
1001011000110000
1001011000111010
1001011001111110
1001011010010100
1001011010011100
1001011011000101
1001011011001010
1001011100100000
1001011100100001
1001011100101001
1001011100110010
1001011101000011
1001011101001010
1001011101100001
1001011101101101
1001011101110001
1001011101111100
1001011110001000
1001011110010111
1001011110100110
1001011110110011
1001011110111000
1001011111011100
1001011111101010
1001100000001010
1001100000001101
1001100000010110
1001100000011100
1001100000100101
1001100000111100
1001100001000011
1001100001010000
1001100001010001
1001100001011101
1001100001100001
1001100001101001
1001100001101111
1001100010001011
1001100010101000
1001100011000111
1001100011100011
1001100011100110
1001100011101011
1001100011101101
1001100011111010
1001100100001111
1001100100011001
1001100100101010
1001100100101111
1001100101001101
1001100101101000
1001100101101101
1001100110000011
1001100110000110
1001100110010100
1001100110011110
1001100110111000
1001100111010110
1001101000000001
1001101000010111
1001101000011011
1001101000101010
1001101000101110
1001101000111010
1001101000111100
1001101001001010
1001101001001111
1001101001010101
1001101001100110
1001101001101000
1001101001101101
1001101001110110
1001101010000010
1001101010000101
1001101010001011
1001101010010001
1001101010010011
1001101010010110
1001101010010111
1001101010011011
1001101010100010
1001101010111001
1001101011001010
1001101011101010
1001101011101111
1001101100001100
1001101100011011
1001101100110010
1001101100111001
1001101101010101
1001101101100100
1001101110011000
1001101110011001
1001101110011010
1001101110101010
1001101110101100
1001101110111011
1001101111001111
1001101111011000
1001101111110100
1001101111111101
1001110000001001
1001110000100110
1001110000101011
1001110001101000
1001110010101000
1001110010111110
1001110011000010
1001110011010010
1001110011111011
1001110100001111
1001110100010100
1001110100011000
1001110100111010
1001110100111111
1001110101001000
1001110101001001
1001110101100011
1001110101100101
1001110101101010
1001110110000001
1001110110100100
1001110110100101
1001110110101010
1001110110111100
1001110110111101
1001110111001110
1001111000010011
1001111000100010
1001111000100110
1001111001010111
1001111001101010
1001111001101111
1001111010000000
1001111010001100
1001111010010110
1001111010011011
1001111010101000
1001111010110100
1001111010111000
1001111011000010
1001111011010010
1001111011100110
1001111100010010
1001111100011010
1001111100011110
1001111100011111
1001111100100101
1001111101000101
1001111101001001
1001111101011010
1001111101011011
1001111110010010
1001111110010111
1001111110111011
1001111111010001
1001111111101011
1010000000101101
1010000000111100
1010000001011100
1010000001101011
1010000010100001
1010000010100100
1010000010110110
1010000011100001
1010000011101101
1010000011110011
1010000100000110
1010000100001011
1010000100010011
1010000100101010
1010000100110011
1010000100110110
1010000101000101
1010000101000111
1010000101011100
1010000101111100
1010000110001011
1010000110100111
1010000110101011
1010000111001100
1010000111010010
1010000111010101
1010000111011100
1010000111101010
1010000111110000
1010001000001000
1010001000010010
1010001000010100
1010001000100011
1010001000100110
1010001000101110
1010001000110001
1010001000110010
1010001001011001
1010001010000010
1010001010000100
1010001010111001
1010001010111111
1010001011000100
1010001011000111
1010001011001110
1010001011100010
1010001011110010
1010001011111110
1010001100001101
1010001100010101
1010001100110010
1010001101011101
1010001101100011
1010001101110110
1010001110010101
1010001110111010
1010001111100000
1010001111100010
1010010000000101
1010010000011010
1010010000011011
1010010000100010
1010010000101001
1010010000101101
1010010001000000
1010010001011001
1010010001100010
1010010001110010
1010010010000110
1010010010011110
1010010010101010
1010010010110100
1010010011000101
1010010011100010
1010010011101010
1010010011110001
1010010100000011
1010010100000110
1010010100001101
1010010100011111
1010010100101010
1010010100110000
1010010101010011
1010010101100001
1010010110010000
1010010110010100
1010010110101101
1010010110110010
1010010110110101
1010010111100011
1010010111110110
1010011000011000
1010011001011101
1010011010011100
1010011010011111
1010011010100011
1010011010100111
1010011010110011
1010011011011111
1010011011111101
1010011100001001
1010011100100011
1010011100101100
1010011100110001
1010011101000110
1010011101001011
1010011101011110
1010011101100100
1010011101110001
1010011101111100
1010011110000111
1010011110001100
1010011110101010
1010011111000000
1010011111000001
1010011111001100
1010011111011011
1010100000001111
1010100000110011
1010100001000101
1010100001001111
1010100001011101
1010100001101001
1010100001110010
1010100001111110
1010100011000111
1010100011001101
1010100011010110
1010100011011100
1010100011101000
1010100011101011
1010100011111011
1010100100000010
1010100100001000
1010100100010010
1010100100101110
1010100100101111
1010100100110000
1010100100110111
1010100100111001
1010100101011001
1010100101011111
1010100110011011
1010100110100001
1010100110100110
1010100110101011
1010100110111010
1010100111001001
1010100111111100
1010100111111111
1010101000001111
1010101000010110
1010101000100110
1010101000101011
1010101001000011
1010101001010000
1010101001010001
1010101001010111
1010101001011000
1010101001011100
1010101001101000
1010101001110000
1010101010000001
1010101010100000
1010101010100001
1010101011000001
1010101011001000
1010101011001011
1010101011100110
1010101100000111
1010101100101111
1010101100110000
1010101100110110
1010101101000001
1010101101000111
1010101101001001
1010101101001011
1010101101001100
1010101101100001
1010101110000001
1010101110010000
1010101110010100
1010101110010111
1010101110100110
1010101110101001
1010101110101011
1010101111000111
1010101111010101
1010101111011010
1010101111100000
1010101111110010
1010101111110011
1010101111110101
1010110000000010
1010110000000100
1010110000110110
1010110001001111
1010110001101111
1010110011000010
1010110011011010
1010110011100100
1010110011101101
1010110011110001
1010110011110010
1010110100001101
1010110100011100
1010110100100011
1010110100110111
1010110101000111
1010110101001101
1010110101010100
1010110101011101
1010110101111000
1010110110011110
1010110110101111
1010110111000100
1010110111100011
1010111000010011
1010111000011100
1010111000110011
1010111001000000
1010111001011000
1010111001101100
1010111001110000
1010111001110100
1010111010010011
1010111010010101
1010111010100000
1010111010101001
1010111011001010
1010111011001111
1010111011111001
1010111100000110
1010111100011011
1010111100100110
1010111101010101
1010111101101011
1010111101110101
1010111101111000
1010111110001001
1010111110011000
1010111110011011
1010111110101001
1010111110111011
1010111111011101
1010111111110101
1011000000001001
1011000000010000
1011000000010011
1011000000111011
1011000001000100
1011000001010101
1011000001011100
1011000001100011
1011000001110001
1011000001110011
1011000010000101
1011000010000110
1011000010010101
1011000010101100
1011000010101110
1011000010111011
1011000011000110
1011000011011110
1011000011101010
1011000011101110
1011000011111110
1011000100011101
1011000100101101
1011000100110000
1011000100111101
1011000110001111
1011000110010111
1011000110011011
1011000110100101
1011000111000001
1011000111010000
1011000111010111
1011000111011101
1011000111011110
1011000111111100
1011001000010010
1011001000010110
1011001000101100
1011001000101110
1011001001011000
1011001001011110
1011001001100110
1011001001101100
1011001001110001
1011001001111011
1011001010000011
1011001010010010
1011001010100000
1011001010100111
1011001011100001
1011001011111001
1011001100001100
1011001100011000
1011001100100001
1011001100111111
1011001101001011
1011001101010000
1011001101110010
1011001110011110
1011001111001001
1011001111010101
1011001111111000
1011010000001011
1011010000010000
1011010000100000
1011010000101001
1011010000110100
1011010001001000
1011010001011010
1011010001100001
1011010010000001
1011010010001000
1011010010001010
1011010010100111
1011010011000000
1011010011110101
1011010100000100
1011010100110000
1011010101100000
1011010101110001
1011010110010010
1011010110010110
1011010110100000
1011010110100001
1011010111000101
1011010111111001
1011011000010011
1011011001010100
1011011001011100
1011011001101001
1011011001110110
1011011010000011
1011011010000111
1011011010001000
1011011010010100
1011011010011010
1011011010111000
1011011010111010
1011011011000110
1011011011101010
1011011011111011
1011011100001110
1011011100100101
1011011100111111
1011011101010000
1011011101011111
1011011101101011
1011011110000101
1011011110010101
1011011111001100
1011011111100100
1011011111110111
1011100000000011
1011100000001101
1011100000100001
1011100000100110
1011100000111111
1011100001000110
1011100001001001
1011100001001101
1011100001100101
1011100001101010
1011100001101100
1011100001101101
1011100001110010
1011100001110011
1011100001110101
1011100001111111
1011100010010100
1011100010011001
1011100010110011
1011100010111010
1011100011000000
1011100011101001
1011100011101101
1011100011110000
1011100100000011
1011100100100001
1011100100100011
1011100100111110
1011100101010110
1011100101011101
1011100101110000
1011100101110100
1011100110010101
1011100110100010
1011100110101011
1011100110110010
1011100110111001
1011100111010101
1011100111010110
1011100111101110
1011100111111000
1011101000000011
1011101000001110
1011101000010010
1011101000100011
1011101000110011
1011101000111101
1011101001100001
1011101001111111
1011101010011111
1011101010100101
1011101010110001
1011101010111010
1011101011000011
1011101011000101
1011101011001101
1011101011010010
1011101011100001
1011101011110101
1011101011111000
1011101011111011
1011101011111110
1011101100000001
1011101100000110
1011101100100000
1011101100101001
1011101100111100
1011101101001000
1011101101001001
1011101101011000
1011101101011001
1011101101100001
1011101101110000
1011101101111010
1011101110011110
1011101110100011
1011101111000000
1011101111000111
1011101111001100
1011101111001110
1011101111010110
1011101111101010
1011101111110100
1011110000000000
1011110000001010
1011110000010000
1011110000010100
1011110000010111
1011110000011111
1011110000110001
1011110001001000
1011110001001101
1011110001001110
1011110001010000
1011110001010011
1011110001111010
1011110010010010
1011110010100010
1011110010100100
1011110010100110
1011110010100111
1011110010101111
1011110010111110
1011110011001110
1011110011100100
1011110011111100
1011110100011111
1011110100100001
1011110100101001
1011110100110111
1011110101001101
1011110101100000
1011110101101011
1011110110100101
1011110110101110
1011110111101100
1011110111111111
1011111000001110
1011111000101001
1011111000111011
1011111001001010
1011111001001110
1011111010110001
1011111010111000
1011111010111001
1011111010111110
1011111011000011
1011111011001100
1011111011011011
1011111011011110
1011111011101110
1011111011110100
1011111011111001
1011111100001110
1011111100010001
1011111100101100
1011111101000100
1011111101001100
1011111110000000
1011111110000001
1011111110000110
1011111110010010
1011111110110011
1011111111000011
1011111111010011
1011111111110010
1100000000110011
1100000000110101
1100000000111011
1100000000111110
1100000001000110
1100000001011110
1100000001100111
1100000001101000
1100000001111100
1100000010001010
1100000010011011
1100000010011101
1100000010011110
1100000010100011
1100000010111010
1100000010111100
1100000011100100
1100000011100101
1100000011110000
1100000011110001
1100000011111100
1100000100000101
1100000100111001
1100000100111010
1100000101010000
1100000110010110
1100000111010000
1100000111100101
1100000111111101
1100001000000001
1100001000110010
1100001001001010
1100001001010000
1100001001011100
1100001001110111
1100001001111011
1100001010010001
1100001010010101
1100001010011111
1100001010101001
1100001010111010
1100001011011110
1100001100011111
1100001100101010
1100001100111101
1100001101000000
1100001101100001
1100001101100100
1100001101110001
1100001110001010
1100001110100101
1100001111000011
1100001111011011
1100001111101110
1100001111110110
1100010000000000
1100010000000110
1100010000001011
1100010000010111
1100010001001000
1100010001100000
1100010001100011
1100010001100100
1100010001111100
1100010011000101
1100010011011101
1100010101000010
1100010101001110
1100010101010110
1100010101100001
1100010101101011
1100010101111110
1100010110111001
1100010110111010
1100010111011100
1100010111101111
1100011000010000
1100011000101011
1100011001001001
1100011001111010
1100011010000001
1100011010000011
1100011010110000
1100011010110110
1100011010110111
1100011011001101
1100011011010011
1100011011100010
1100011011100110
1100011011110101
1100011100000101
1100011100010101
1100011100110101
1100011100111101
1100011101010001
1100011101100010
1100011101101111
1100011101111100
1100011101111111
1100011110000110
1100011110110010
1100011111110000
1100011111110011
1100011111111011
1100011111111111
1100100000000000
1100100000000111
1100100000001001
1100100000011000
1100100000100010
1100100000101101
1100100000111000
1100100000111001
1100100000111110
1100100001101010
1100100001111111
1100100010000011
1100100010010111
1100100010100100
1100100010101011
1100100010101100
1100100010110011
1100100011001111
1100100011100010
1100100011101011
1100100011101111
1100100011110011
1100100011111100
1100100100001010
1100100100001110
1100100100011100
1100100100011111
1100100100100000
1100100100100100
1100100100101011
1100100100111001
0110001001110111
1100100101100100
1100100110000000
1100100110000011
1100100110011111
1100100110100101
1100100110101110
1100100110101111
1100100110110000
1100100111010011
1100100111100011
1100101000000110
1100101000010101
1100101000011001
1100101000011011
1100101001011011
1100101001110100
1100101001110110
1100101010001001
1100101010001111
1100101010010101
1100101010110001
1100101011000010
1100101011000100
1100101011001011
1100101011010101
1100101011010111
1100101011101001
1100101011101110
1100101011110101
1100101100001000
1100101100001110
1100101100111100
1100101101001011
1100101101001101
1100101110100011
1100101110100100
1100101110110011
1100101110111001
1100101111000000
1100101111000110
1100101111101001
1100101111110110
1100101111111011
1100110000000110
1100110000100100
1100110000111110
1100110001101101
1100110010110111
1100110010111001
1100110010111010
1100110011000001
1100110011001011
1100110011101100
1100110100000010
1100110100100110
1100110100111100
1100110101000010
1100110101001111
1100110101011110
1100110101100001
1100110101100101
1100110101101000
1100110101101111
1100110110100010
1100110110101010
1100110110110010
1100110110110111
1100110111011011
1100110111110011
1100111000101010
1100111001001111
1100111001010011
1100111010000010
1100111010001111
1100111010100001
1100111010100010
1100111010101101
1100111011001000
1100111011011110
1100111011111101
1100111011111111
1100111100001101
1100111100001111
1100111100010011
1100111100010101
1100111100100010
1100111101000011
1100111101010110
1100111101101010
1100111110001000
1100111110011010
1100111110011101
1100111110101100
1100111110110100
1100111111101110
1100111111110101
1101000000000001
1101000000010011
1101000001001100
1101000001010110
1101000001111110
1101000010000110
1101000010001100
1101000010011011
1101000010101000
1101000011001101
1101000011011111
1101000011100111
1101000100010101
1101000100110101
1101000101000111
1101000101011100
1101000101011101
1101000101100010
1101000101100111
1101000101110000
1101000110011001
1101000110101001
1101000110110001
1101000111000111
1101000111010011
1101000111010110
1101000111011011
1101000111101100
1101000111110101
1101000111110111
1101001000001010
1101001000111101
1101001001010000
1101001001011001
1101001001111110
1101001001111111
1101001010000000
1101001010000101
1101001010001110
1101001010010000
1101001010011000
1101001010011111
1101001010100001
1101001010100101
1101001011000011
1101001011000111
1101001011010001
1101001011010100
1101001011101001
1101001011110100
1101001100101000
1101001101011001
1101001110001001
1101001111000001
1101001111001100
1101001111100001
1101001111111010
1101010000011011
1101010000100010
1101010000110111
1101010001001000
1101010001001010
1101010001010010
1101010001100100
1101010010001011
1101010010010011
1101010010100110
1101010010101000
1101010010110110
1101010010111111
1101010011001001
1101010011001011
1101010011100011
1101010011100111
1101010011101110
1101010100001111
1101010100110010
1101010100110100
1101010100111110
1101010100111111
1101010101000101
1101010101001001
1101010101001110
1101010101001111
1101010101010101
1101010101100101
1101010101101110
1101010101101111
1101010101110000
1101010110110100
1101010110111101
1101010111000001
1101010111010001
1101010111100000
1101011000001001
1101011000001010
1101011000011010
1101011000100101
1101011000101011
1101011000101110
1101011000101111
1101011000110101
1101011000111110
1101011001010000
1101011001011101
1101011001011110
1101011001100101
1101011001110111
1101011011010011
1101011011100100
1101011011101010
1101011011111111
1101011100001011
1101011100010100
1101011100100111
1101011101101101
1101011101101111
1101011110011000
1101011110100101
1101011110101101
1101011110110001
1101011110111011
1101011110111101
1101011111000010
1101011111011010
1101011111101000
1101011111101010
1101011111111010
1101100000011011
1101100000100001
1101100000110100
1101100001000010
1101100001000100
1101100001001101
1101100001001110
1101100001011100
1101100001100111
1101100010001111
1101100010101010
1101100010110110
1101100011000001
1101100011011011
1101100011011111
1101100011100101
1101100011101101
1101100011111010
1101100100011111
1101100100100100
1101100100110001
1101100100111001
1101100101000100
1101100101001111
1101100101010001
1101100101101101
1101100101110010
1101100110000100
1101100110010101
1101100110011111
1101100110100010
1101100110101110
1101100110111011
1101100110111101
1101100111000000
1101100111010100
1101100111011000
1101100111011110
1101101000000000
1101101000001110
1101101000011110
1101101000100000
1101101000100100
1101101000110010
1101101000110101
1101101001010110
1101101001101001
1101101001110100
1101101001110110
1101101010001110
1101101010011010
1101101010100010
1101101010101000
1101101011001100
1101101011001101
1101101011001111
1101101011100011
1101101100000101
1101101100011100
1101101100101010
1101101101001000
1101101101010100
1101101101010110
1101101101111001
1101101110010011
1101101110011101
1101101110101110
1101101111000000
1101101111101010
1101101111110000
1101101111110011
1101110000000010
1101110000000101
1101110000001000
1101110000001011
1101110000001101
1101110000100010
1101110001000101
1101110001000110
1101110001010010
1101110001110100
1101110010011000
1101110010011011
1101110010011110
1101110010110101
1101110010111000
1101110011000001
1101110011010101
1101110011010110
1101110011011001
1101110011100111
1101110011101011
1101110011101101
1101110100000100
1101110100001110
1101110100011000
1101110100011010
1101110100011110
1101110100110001
1101110101000010
1101110101000100
1101110101000101
1101110101011101
1101110101111100
1101110110001010
1101110110011001
1101110110100101
1101110110101101
1101110110110001
1101110111000000
1101110111000001
1101110111000011
1101110111000101
1101110111001101
1101110111010110
1101110111100001
1101110111100011
1101110111111001
1101111000000101
1101111000010010
1101111000111011
1101111000111100
1101111001000100
1101111001010000
1101111001011100
1101111001011110
1101111010001001
1101111010001100
1101111011011011
1101111011100011
1101111011110100
1101111011111101
1101111101101011
1101111101101101
1101111101111111
1101111110001101
1101111110001111
1101111110010001
1101111110010011
1101111110100101
1101111110111001
1101111110111100
1101111111000111
1101111111101100
1110000000000000
1110000000011110
1110000000111111
1110000001001011
1110000001010110
1110000001010111
1110000001100011
1110000001100100
1110000001100110
1110000001110101
1110000010001011
1110000010010100
1110000010010101
1110000010111110
1110000011000011
1110000011000110
1110000011001111
1110000011101100
1110000011111000
1110000100001111
1110000100010101
1110000100011001
1110000101000100
1110000101001010
1110000101011111
1110000101101011
1110000101101110
1110000101111001
1110000101111111
1110000110000001
1110000110010110
1110000110011110
1110000110111011
1110000111000001
1110000111011001
1110000111100011
1110001000010110
1110001000011001
1110001000011100
1110001000011110
1110001000110000
1110001001000010
1110001001000100
1110001001010011
1110001001011010
1110001001100111
1110001001101001
1110001001110011
1110001001111000
1110001010011010
1110001010100101
1110001010111000
1110001011000111
1110001011110010
1110001011111001
1110001100001001
1110001100010011
1110001100011001
1110001100101011
1110001100110001
1110001100111111
1110001101000101
1110001101000110
1110001101000111
1110001101010111
1110001101011110
1110001101100011
1110001101111010
1110001110000001
1110001110000110
1110001110001101
1110001110010100
1110001110100101
1110001110101101
1110001110101110
1110001110110101
1110001111011010
1110010000000001
1110010000011101
1110010000101100
1110010001001110
1110010001101101
1110010001111101
1110010010001011
1110010010010011
1110010011000101
1110010011110010
1110010011110111
1110010100001010
1110010100001101
1110010100100001
1110010100101111
1110010100110010
1110010101001011
1110010101001100
1110010101010111
1110010101011111
1110010101101001
1110010101111010
1110010101111111
1110010110111011
1110010110111101
1110010111001101
1110010111001110
1110010111010110
1110010111011001
1110010111100011
1110010111101011
1110011000001110
1110011000010001
1110011000011001
1110011000101001
1110011000111010
1110011000111100
1110011001010001
1110011001010101
1110011001011100
1110011001111100
1110011010001111
1110011010100001
1110011010101011
1110011010110101
1110011011110101
1110011011111000
1110011100010111
1110011100100100
1110011100111000
1110011101001000
1110011101001101
1110011101110100
1110011101111010
1110011110011101
1110011110101110
1110011110101111
1110011110111111
1110100000001000
1110100000001101
1110100000011011
1110100001000011
1110100001011111
1110100001100001
1110100001101010
1110100001110000
1110100010100110
1110100010101010
1110100010111111
1110100011100101
1110100011101010
1110100100011111
1110100100111111
1110100101000011
1110100101001000
1110100101001110
1110100101101101
1110100101110001
1110100101110110
1110100101111110
1110100110010000
1110100110010010
1110100110100011
1110100110110110
1110100110111000
1110100110111011
1110100111001000
1110100111010011
1110100111101001
1110100111111011
1110101000000110
1110101000010111
1110101000011101
1110101000110011
1110101000110111
1110101000111000
1110101000111011
1110101001100011
1110101001101101
1110101001110100
1110101010011110
1110101010011111
1110101010100011
1110101010110000
1110101011001000
1110101011010001
1110101011101100
1110101011111100
1110101100000011
1110101100001010
1110101100100010
1110101100100011
1110101101011110
1110101101011111
1110101101101011
1110101101101110
1110101101110101
1110101110000000
1110101110010000
1110101110011111
1110101110100111
1110101110101000
1110101111000011
1110101111110000
1110101111110101
1110101111111100
1110110000000111
1110110000001010
1110110000010101
1110110000100110
1110110000101001
1110110000110011
1110110001100010
1110110001101011
1110110001101101
1110110001101110
1110110001110010
1110110001110100
1110110011000110
1110110011010101
1110110011010110
1110110011011111
1110110011100101
1110110100000100
1110110100001000
1110110100001011
1110110100010010
1110110100010111
1110110100011001
1110110100110011
1110110101000111
1110110101001000
1110110101001001
1110110101011100
1110110101100010
1110110110000010
1110110110011100
1110110110100101
1110110110101011
1110110110111001
1110110111001110
1110110111010000
1110110111100100
1110111000001110
1110111000111100
1110111001000001
1110111001011101
1110111001100101
1110111010000001
1110111010000010
1110111010001011
1110111010010000
1110111010100101
1110111010111101
1110111011010011
1110111011100011
1110111011101100
1110111011111000
1110111100001010
1110111101000010
1110111101000111
1110111101101101
1110111101110010
1110111110001001
1110111110100001
1110111110110001
1110111111011100
1110111111100011
1110111111110110
1110111111111011
1111000000001100
1111000000011001
1111000000100110
1111000000110100
1111000000111011
1111000001010000
1111000001100000
1111000001110001
1111000010001101
1111000010111101
1111000011001100
1111000011111000
1111000011111110
1111000100010011
1111000100110101
1111000101010001
1111000110010000
1111000110100010
1111000110101000
1111000110110011
1111000110111101
1111000111010000
1111000111101010
1111001000011001
1111001000100001
1111001000100100
1111001000111100
1111001001101011
1111001001101100
1111001001111111
1111001010010100
1111001011101100
1111001011110110
1111001100000001
1111001100111111
1111001101001111
1111001101101001
1111001101101100
1111001101110110
1111001110100110
1111001110111111
1111001111000000
1111001111000111
1111001111010010
1111001111011011
1111001111011100
1111001111101001
1111010000001010
1111010000101011
1111010000110011
1111010001100110
1111010010000111
1111010010010010
1111010010100110
1111010011010100
1111010011100010
1111010011110010
1111010100000111
1111010100001000
1111010100001100
1111010100011000
1111010100101110
1111010100110011
1111010100111101
1111010101000000
1111010101000100
1111010101001100
1111010101001110
1111010101010101
1111010101110011
1111010101110100
1111010101111001
1111010101111111
1111010110001001
1111010110011010
1111010110101100
1111010111001001
1111010111010011
1111010111110001
1111011000010100
1111011000100010
1111011000110010
1111011001001000
1111011001100100
1111011001111011
1111011011001000
1111011011001011
1111011011110111
1111011011111101
1111011100001000
1111011100011010
1111011100011101
1111011100100001
1111011100101100
1111011100110110
1111011101100011
1111011110000000
1111011110010001
1111011110100100
1111011110100110
1111011110101010
1111011110110011
1111011110111000
1111011110111110
1111011110111111
1111011111011001
1111011111011101
1111011111100000
1111011111110110
1111100000011100
1111100000100010
1111100000110110
1111100000111001
1111100000111100
1111100000111110
1111100001000101
1111100001010101
1111100001010110
1111100001110111
1111100010000000
1111100010110100
1111100010111000
1111100011000000
1111100011000111
1111100011010100
1111100011101000
1111100100001000
1111100100001100
1111100100001110
1111100100011001
1111100100101001
1111100100110101
1111100101101001
1111100101111001
1111100101111101
1111100110000000
1111100110010111
1111100110011111
1111100110110001
1111100111000010
1111100111001010
1111100111011010
1111100111101001
1111100111111110
1111101000000011
1111101000101001
1111101000101100
1111101000111000
1111101001000010
1111101001001001
1111101001001011
1111101001111011
1111101010100000
1111101010100001
1111101011000000
1111101011000010
1111101100000101
1111101100011110
1111101100100000
1111101100100011
1111101100110100
1111101100111011
1111101101000000
1111101101010011
1111101101111000
1111101101111110
1111101110000110
1111101110100101
1111101110100110
1111101110101110
1111101110111001
1111101111011011
1111101111101110
1111101111111010
1111101111111101
1111110000000011
1111110000001001
1111110000011010
1111110000110011
1111110001010101
1111110001011100
1111110001101011
1111110001101111
1111110001110001
1111110001111000
1111110010010100
1111110010011101
1111110010110100
1111110010111000
1111110011000010
1111110011000011
1111110011011010
1111110011101011
1111110011110111
1111110100010001
1111110100010011
1111110100010101
1111110100101010
1111110100111101
1111110101000111
1111110101011101
1111110101101000
1111110101110110
1111110110101101
1111110110111000
1111110111001001
1111110111001011
1111110111010110
1111110111101111
1111110111110101
1111110111111111
1111111000011000
1111111001000001
1111111001001010
1111111001010100
1111111001011100
1111111010000100
1111111010101111
1111111011010000
1111111011011110
1111111011110100
1111111011110111
1111111100001000
1111111100001011
1111111100010001
1111111100110000
1111111100111001
1111111101001010
1111111101100000
1111111101101010
1111111101101101
1111111110000011
1111111110001101
1111111110010100
1111111110101111
1111111111000001
1111111111110101
1111111111111001
1111111111111011
