# r14.txt  随机不等间隔  正确值=6355  位置=0
0001100011010011
0000000000000001
0000000000001111
0000000000100011
0000000001000000
0000000010000011
0000000010010000
0000000010100101
0000000010101101
0000000011000110
0000000011001001
0000000011001101
0000000011100101
0000000011100111
0000000011110001
0000000011110101
0000000100011000
0000000100011001
0000000100100000
0000000100101010
0000000100111010
0000000100111100
0000000101010000
0000000110000000
0000000110000011
0000000110010101
0000000111011100
0000000111110001
0000001000110010
0000001000110100
0000001001001001
0000001001010000
0000001001110011
0000001001111000
0000001001111110
0000001010101000
0000001010101011
0000001010111011
0000001011000000
0000001011001001
0000001011101011
0000001100000001
0000001101000000
0000001101011010
0000001101100011
0000001101100110
0000001101110111
0000001110000001
0000001111001000
0000001111001010
0000001111110001
0000010000000000
0000010000000010
0000010000001010
0000010000010110
0000010000100010
0000010000100011
0000010000100110
0000010000101010
0000010000101011
0000010000110101
0000010001000110
0000010001011110
0000010001100110
0000010001101111
0000010001110001
0000010010100000
0000010010100110
0000010010101001
0000010010101110
0000010010111110
0000010011000000
0000010011011000
0000010011011011
0000010011100011
0000010011101011
0000010011101100
0000010011110001
0000010100010010
0000010100110011
0000010100110110
0000010100111001
0000010101001110
0000010101100000
0000010101111000
0000010101111001
0000010110100001
0000010110100101
0000010110110011
0000010111001000
0000010111010100
0000010111110000
0000011000001001
0000011000011011
0000011000110010
0000011010101100
0000011010110000
0000011010111110
0000011011000000
0000011011000111
0000011011100000
0000011011100110
0000011011110010
0000011100000110
0000011100010001
0000011101010000
0000011101010010
0000011101100100
0000011101100110
0000011101100111
0000011101110000
0000011101111011
0000011110000100
0000011110000101
0000011110000111
0000011110010010
0000011110010011
0000011110011010
0000011110100101
0000011111010001
0000011111011111
0000011111101000
0000011111101010
0000100000000011
0000100000001010
0000100000010110
0000100000100010
0000100001001111
0000100001010001
0000100001010010
0000100001101111
0000100010000110
0000100010001100
0000100010010100
0000100010011111
0000100010101000
0000100010111101
0000100011001111
0000100011010010
0000100011011010
0000100011101011
0000100011110100
0000100011111110
0000100100000000
0000100100001010
0000100100010100
0000100100010111
0000100100011001
0000100100011110
0000100100011111
0000100100101111
0000100100110110
0000100100111101
0000100101010010
0000100101011000
0000100101100010
0000100101111101
0000100110001010
0000100110001101
0000100110100010
0000100111001001
0000100111001110
0000100111011101
0000100111100101
0000101000001110
0000101000010100
0000101000011010
0000101000101110
0000101001010010
0000101001011011
0000101001100101
0000101001110110
0000101001111010
0000101010011101
0000101010100101
0000101010101100
0000101011000011
0000101100011100
0000101100011101
0000101100011110
0000101100110011
0000101100111000
0000101101000000
0000101101000110
0000101101001111
0000101101101100
0000101110000100
0000101111011011
0000101111111100
0000110000111000
0000110001011110
0000110001100111
0000110010000001
0000110010011010
0000110010110101
0000110011000010
0000110011011001
0000110011011011
0000110011011101
0000110100000100
0000110100000111
0000110100001101
0000110100001111
0000110100100011
0000110100101101
0000110100111111
0000110101001010
0000110101100001
0000110101100110
0000110101111000
0000110101111001
0000110110001101
0000110110110111
0000110111000101
0000110111000111
0000110111001010
0000110111010010
0000110111110001
0000111000001110
0000111000011100
0000111001010000
0000111001111111
0000111010100101
0000111010111001
0000111011001000
0000111011001001
0000111011111011
0000111100001011
0000111100001111
0000111100010111
0000111100011101
0000111101010101
0000111101011010
0000111101011101
0000111101110101
0000111101111000
0000111110001110
0000111110101010
0000111110111101
0000111111001100
0000111111100000
0000111111100111
0000111111101011
0001000000000100
0001000000011100
0001000001010001
0001000001010110
0001000010010010
0001000010010011
0001000010011111
0001000010101110
0001000011001101
0001000011011001
0001000011011111
0001000011101010
0001000100001101
0001000100100001
0001000100111100
0001000101000010
0001000101001010
0001000101001110
0001000101110101
0001000110010000
0001000110111101
0001000111001010
0001000111110010
0001000111110111
0001001000000000
0001001000001110
0001001000010001
0001001000100010
0001001000101010
0001001000101111
0001001001000101
0001001001001001
0001001001010010
0001001001010101
0001001001011000
0001001001101001
0001001001111010
0001001001111100
0001001010011001
0001001010100010
0001001010101111
0001001010111000
0001001010111010
0001001011000111
0001001011001001
0001001011001011
0001001011100010
0001001011110100
0001001100001100
0001001100010010
0001001100101110
0001001101011110
0001001101101100
0001001110001000
0001001110111000
0001001110111101
0001001111011100
0001001111011110
0001001111111010
0001010000001000
0001010000010100
0001010000010101
0001010000011010
0001010000100110
0001010000101001
0001010000101011
0001010000101111
0001010001000001
0001010001001010
0001010010010110
0001010010110010
0001010010111010
0001010011001001
0001010011100100
0001010101001010
0001010101100010
0001010101111000
0001010110000000
0001010110001000
0001010110011011
0001010110100101
0001010110110100
0001010110110101
0001010110110111
0001010110111000
0001010111111111
0001011000010100
0001011000010111
0001011001000111
0001011001100101
0001011010000011
0001011010111111
0001011011001000
0001011011010010
0001011011010111
0001011011011001
0001011011101001
0001011011101100
0001011011110010
0001011011110101
0001011100010000
0001011100010110
0001011100011110
0001011100100010
0001011100110010
0001011100111001
0001011101010001
0001011101010100
0001011101100001
0001011101101001
0001011110100111
0001011110101110
0001011111001101
0001011111101001
0001011111110101
0001100000001001
0001100000100010
0001100000101001
0001100000111100
0001100001001110
0001100001010101
0001100001010110
0001100001011010
0001100001111001
0001100010000001
0001100010011001
0001100010011010
0001100010011011
0001100010011100
0001100010100000
0001100011001100
0001100011010010
0001100011010100
0001100011011010
0001100011100100
0001100011110100
0001100100001011
0001100100001100
0001100100100001
0001100101001010
0001100101001110
0001100101111000
0001100101111010
0001100101111110
0001100110001011
0001100110001110
0001100110010111
0001100110011100
0001100110100000
0001100110100111
0001100111000101
0001100111001100
0001100111100000
0001100111100001
0001101000000000
0001101000000001
0001101000100000
0001101000100001
0001101000101010
0001101000110010
0001101001100000
0001101001111101
0001101010000010
0001101010100011
0001101010111011
0001101011000000
0001101011000111
0001101011101000
0001101011101001
0001101011101110
0001101011110010
0001101100000101
0001101100001110
0001101100010101
0001101100110100
0001101101000010
0001101101100001
0001101101111001
0001101110011100
0001101110011101
0001101111001110
0001101111011100
0001101111110000
0001110000000100
0001110000011101
0001110000101001
0001110000101010
0001110000110010
0001110000111111
0001110001000011
0001110001010011
0001110001010110
0001110001100001
0001110001101110
0001110001110000
0001110010001001
0001110010010110
0001110010010111
0001110011000010
0001110011000011
0001110011000101
0001110011011100
0001110011101101
0001110011110101
0001110100010100
0001110100011000
0001110100101010
0001110100101100
0001110100110001
0001110100111110
0001110101001101
0001110101010110
0001110101010111
0001110101100001
0001110101101011
0001110101111010
0001110110001000
0001110110010001
0001110110011000
0001110110101010
0001110111000100
0001110111010011
0001110111011000
0001110111011011
0001110111100101
0001110111111011
0001111000000000
0001111000001000
0001111000011100
0001111000111110
0001111001000100
0001111001000111
0001111001011001
0001111001100000
0001111001101011
0001111001110100
0001111001111010
0001111010010010
0001111010010111
0001111010100111
0001111010110001
0001111011101111
0001111100000101
0001111100000111
0001111100010001
0001111100010101
0001111100100010
0001111100101100
0001111100111001
0001111101011001
0001111101011010
0001111101101000
0001111101101100
0001111101110011
0001111101111000
0001111110000000
0001111110000001
0001111110000111
0001111110010000
0001111110011111
0001111110110100
0001111110111001
0001111111000001
0001111111100110
0001111111110010
0001111111111011
0001111111111100
0010000000001001
0010000000011110
0010000000100011
0010000000111010
0010000000111111
0010000001011011
0010000001111000
0010000001111110
0010000010000110
0010000010001011
0010000010011001
0010000010011010
0010000010111010
0010000011000100
0010000011010000
0010000011100000
0010000011100110
0010000100010001
0010000101001111
0010000101011011
0010000110001100
0010000110100101
0010000110111001
0010000111100001
0010000111100101
0010000111101100
0010000111111110
0010001000001001
0010001000001110
0010001000010111
0010001000101000
0010001000111111
0010001001000001
0010001001001000
0010001001100110
0010001001101111
0010001001110000
0010001001111010
0010001001111111
0010001010101000
0010001010111001
0010001011011001
0010001011100110
0010001011110011
0010001100101010
0010001101101000
0010001101110001
0010001101111010
0010001101111100
0010001110110100
0010001110110110
0010001111000011
0010001111011001
0010001111011011
0010001111100000
0010001111110110
0010010000001011
0010010000100001
0010010000111011
0010010001010001
0010010001011010
0010010001100011
0010010001111001
0010010010010001
0010010010011110
0010010010101110
0010010010110101
0010010010111111
0010010011000110
0010010011010001
0010010011100011
0010010011111110
0010010100001010
0010010100101100
0010010100110000
0010010101000111
0010010101100110
0010010110000001
0010010110000100
0010010110000111
0010010110001000
0010010110100111
0010010110101110
0010010110110101
0010010111000001
0010010111010001
0010010111100011
0010010111100101
0010010111110100
0010011000101011
0010011000101100
0010011000110010
0010011000110110
0010011000111001
0010011001011010
0010011010000001
0010011010011100
0010011010100100
0010011010100101
0010011010101111
0010011011000110
0010011011010101
0010011011011011
0010011011100000
0010011011101101
0010011011110011
0010011100001011
0010011100011010
0010011100011011
0010011100011111
0010011100100010
0010011100100111
0010011100110110
0010011101011110
0010011110001001
0010011110001010
0010011110010011
0010011110100000
0010011110100001
0010011110101011
0010011110101111
0010011110110001
0010011111000011
0010011111001010
0010011111010100
0010011111100100
0010011111101111
0010011111110010
0010100000000010
0010100000010001
0010100000011001
0010100000101111
0010100001001000
0010100001101001
0010100001110010
0010100001111101
0010100010001000
0010100010001011
0010100010101000
0010100010101011
0010100011010010
0010100011010100
0010100011011110
0010100011100100
0010100011110001
0010100011110011
0010100011111100
0010100100000111
0010100100110111
0010100100111000
0010100101001000
0010100101010011
0010100101100000
0010100101110001
0010100110000010
0010100110010010
0010100110110000
0010100111001111
0010100111010111
0010100111011100
0010100111011101
0010100111100001
0010100111110000
0010101000000001
0010101000101011
0010101000110010
0010101000111111
0010101001001110
0010101001011001
0010101001100000
0010101010000000
0010101010000001
0010101010000010
0010101010000101
0010101010111001
0010101011011100
0010101011100010
0010101011100100
0010101011100101
0010101100010000
0010101100011101
0010101100101001
0010101100110010
0010101110001000
0010101110010100
0010101110110000
0010101110111000
0010101111010100
0010101111100011
0010101111100101
0010110000011001
0010110000100011
0010110000100100
0010110000100110
0010110000101100
0010110001000100
0010110001101100
0010110010000001
0010110010010100
0010110010010111
0010110010011100
0010110010101101
0010110010101110
0010110010110110
0010110010111111
0010110011101000
0010110011101110
0010110100001110
0010110100010111
0010110100101001
0010110100110000
0010110101000101
0010110101001100
0010110101010111
0010110101101101
0010110101110101
0010110110000011
0010110110001111
0010110110100010
0010110111001001
0010110111001011
0010110111010111
0010110111100010
0010111000001010
0010111000011110
0010111000011111
0010111000101001
0010111000101011
0010111000110001
0010111000110011
0010111001001001
0010111001100011
0010111001100110
0010111001111101
0010111010001001
0010111010110010
0010111010110110
0010111011000010
0010111011011100
0010111011111010
0010111011111011
0010111100000100
0010111100011000
0010111100110010
0010111101001110
0010111101010011
0010111101010100
0010111101110011
0010111101111110
0010111110011010
0010111110100011
0010111110101101
0010111110111001
0010111111000000
0010111111001000
0010111111010101
0010111111010110
0010111111101001
0010111111110011
0010111111111000
0011000000000011
0011000000001010
0011000000010000
0011000000010100
0011000000101010
0011000000111110
0011000000111111
0011000001010000
0011000001011110
0011000010000000
0011000010001000
0011000010011101
0011000010101101
0011000010110100
0011000011000111
0011000011100110
0011000011101001
0011000011111010
0011000011111101
0011000100100111
0011000100111000
0011000101010111
0011000101011110
0011000101101110
0011000110000000
0011000110000101
0011000110010011
0011000110011000
0011000110011001
0011000110101110
0011000111000110
0011000111001100
0011001000001000
0011001000011101
0011001000100111
0011001000111110
0011001001000001
0011001001000011
0011001001000100
0011001010000110
0011001010001111
0011001010101110
0011001010111101
0011001011000000
0011001011001001
0011001011100101
0011001011101101
0011001011110111
0011001011111001
0011001100001001
0011001100010110
0011001100111010
0011001101010010
0011001101010111
0011001101100000
0011001101110110
0011001110000111
0011001110110011
0011001110111000
0011001111101010
0011001111111010
0011010000000100
0011010000001111
0011010000010101
0011010000101110
0011010001000001
0011010001001000
0011010001001101
0011010001110101
0011010010001000
0011010010001100
0011010010010101
0011010010110111
0011010011000001
0011010011000101
0011010011111001
0011010011111110
0011010100000010
0011010100000101
0011010100001011
0011010100011110
0011010100101001
0011010101000111
0011010101001010
0011010101100101
0011010110100100
0011010110101111
0011010111000111
0011010111001110
0011010111010100
0011010111100010
0011010111111010
0011011000001110
0011011000010010
0011011000101000
0011011000101110
0011011001010010
0011011001101000
0011011010000111
0011011010001110
0011011011010000
0011011011010100
0011011011100111
0011011011111101
0011011100000000
0011011100001001
0011011100010010
0011011100111101
0011011101000001
0011011101100001
0011011101100110
0011011101101011
0011011101110000
0011011101110011
0011011101111001
0011011110010001
0011011110010110
0011011110100011
0011011110111011
0011011111010000
0011011111011101
0011011111110001
0011011111111010
0011100000000000
0011100000001001
0011100000010001
0011100000011100
0011100001010010
0011100001100001
0011100010001000
0011100010001011
0011100010001101
0011100010100001
0011100010100010
0011100011100100
0011100011111101
0011100100000100
0011100100011101
0011100101000000
0011100101010110
0011100101100010
0011100101101100
0011100110011110
0011100110100010
0011100110100111
0011100111101011
0011101000001011
0011101000111000
0011101001001001
0011101001001111
0011101001011000
0011101001011001
0011101001101011
0011101001101101
0011101001110111
0011101010000000
0011101010100111
0011101010101001
0011101011100110
0011101011101010
0011101011111011
0011101011111100
0011101100010010
0011101100101111
0011101101000101
0011101101001000
0011101110001100
0011101111000100
0011101111011100
0011101111011110
0011101111110100
0011101111111010
0011110000000111
0011110000001000
0011110000001101
0011110000010111
0011110000011001
0011110000100110
0011110001001100
0011110010001010
0011110010010101
0011110010011010
0011110010100000
0011110010110010
0011110010110101
0011110011000011
0011110011010101
0011110011011111
0011110011100100
0011110011111100
0011110100000110
0011110100100000
0011110101101000
0011110101101001
0011110101110010
0011110101111111
0011110110000101
0011110110100101
0011110110110001
0011110111000100
0011110111010101
0011110111101100
0011110111110111
0011110111111000
0011111000000110
0011111000000111
0011111000001000
0011111000010000
0011111000100000
0011111000100010
0011111001000010
0011111001010101
0011111001011100
0011111001101111
0011111001110011
0011111001110110
0011111001110111
0011111010001011
0011111010011001
0011111010011010
0011111011001110
0011111011011110
0011111011100101
0011111011101110
0011111011110000
0011111011111011
0011111100000110
0011111100101100
0011111101000110
0011111101001010
0011111101011111
0011111101100000
0011111110001110
0011111110010000
0011111110011100
0011111110110001
0011111110110010
0011111111010100
0011111111010101
0011111111100011
0011111111110101
0100000000001010
0100000000010111
0100000000011011
0100000000100010
0100000001100011
0100000001100110
0100000001110101
0100000010011001
0100000010101001
0100000010110001
0100000011000100
0100000011010100
0100000011110101
0100000011111100
0100000100011101
0100000100100001
0100000100101010
0100000101000101
0100000101001101
0100000101011001
0100000101100011
0100000101110000
0100000110000110
0100000110001001
0100000111001011
0100000111001100
0100000111001101
0100000111010000
0100000111011000
0100001000110100
0100001001000101
0100001001000111
0100001001001011
0100001001100011
0100001001100110
0100001001110111
0100001001111101
0100001010000101
0100001010001011
0100001010001101
0100001010001110
0100001010100000
0100001010101110
0100001011001110
0100001011011111
0100001011110111
0100001100000011
0100001100011000
0100001100101101
0100001101010101
0100001101110111
0100001110010001
0100001110010100
0100001110011100
0100001110100111
0100001110110111
0100001110111001
0100001111001100
0100001111011010
0100001111011100
0100010000000010
0100010000000011
0100010000010011
0100010000011010
0100010000110110
0100010001001011
0100010001001111
0100010001111110
0100010010000110
0100010010010111
0100010011011001
0100010011100000
0100010011111000
0100010100000011
0100010100001010
0100010100100001
0100010100100011
0100010100110011
0100010100111011
0100010101011100
0100010101100101
0100010101101101
0100010110000000
0100010110001100
0100010110010000
0100010110110110
0100010111011000
0100010111011100
0100010111100101
0100010111110100
0100011000010011
0100011000010100
0100011000101101
0100011000110011
0100011001010010
0100011001101100
0100011001110111
0100011010000001
0100011010000100
0100011010010000
0100011010011110
0100011010110000
0100011010110110
0100011010111111
0100011011000010
0100011011001010
0100011011010011
0100011011010111
0100011011011001
0100011100000100
0100011100001001
0100011100011011
0100011100101101
0100011100110111
0100011101011011
0100011101100111
0100011101101100
0100011101111110
0100011110000110
0100011110000111
0100011110101011
0100011110101110
0100011111000001
0100011111001101
0100011111100000
0100011111100010
0100011111101000
0100011111110010
0100100000001100
0100100000010010
0100100000011000
0100100000100111
0100100000101100
0100100000111000
0100100000111111
0100100001010100
0100100001100110
0100100001101111
0100100001111010
0100100001111111
0100100010000011
0100100010000111
0100100010001001
0100100010011011
0100100010101001
0100100010101101
0100100010111000
0100100011000000
0100100011110010
0100100100001011
0100100100010101
0100100100101011
0100100100111001
0100100101101010
0100100101110100
0100100101111100
0100100101111111
0100100110000101
0100100110001001
0100100111000010
0100100111010111
0100100111011010
0100100111101111
0100100111110001
0100100111111101
0100101000001001
0100101000010001
0100101000010111
0100101000110001
0100101001011101
0100101001100001
0100101010011111
0100101010100001
0100101010100010
0100101010100111
0100101011100110
0100101011101101
0100101011110111
0100101011111101
0100101100100011
0100101100101000
0100101100101110
0100101100101111
0100101100110111
0100101100111010
0100101100111110
0100101101000001
0100101101001001
0100101101001011
0100101101101000
0100101110010010
0100101110100111
0100101110111010
0100101111010010
0100101111100010
0100101111101001
0100110000000000
0100110000000001
0100110000000010
0100110000001110
0100110000010010
0100110000101011
0100110000111111
0100110001001000
0100110001010001
0100110001011100
0100110001100011
0100110001101000
0100110010010110
0100110010011000
0100110010011011
0100110010101110
0100110011000101
0100110011010110
0100110011101010
0100110100010011
0100110100111010
0100110101000101
0100110101010011
0100110101010100
0100110101011010
0100110101101010
0100110110001000
0100110110011001
0100110110101110
0100110111001000
0100110111010110
0100110111011101
0100111000001011
0100111000001100
0100111000001101
0100111000101110
0100111001001111
0100111001011110
0100111001100000
0100111001100101
0100111001111001
0100111010001000
0100111010101110
0100111010110101
0100111011111000
0100111100001000
0100111100010100
0100111100011000
0100111100011011
0100111101010010
0100111101010110
0100111101100101
0100111101101100
0100111101110010
0100111110000101
0100111110001101
0100111110010001
0100111110110101
0100111111001001
0100111111010011
0100111111100111
0100111111101111
0100111111110010
0101000000011000
0101000000100001
0101000000110101
0101000001011100
0101000001111100
0101000001111101
0101000010000010
0101000010000111
0101000010001110
0101000010010011
0101000010010101
0101000010100110
0101000010110000
0101000010111011
0101000010111111
0101000011001110
0101000011011001
0101000011011101
0101000011101011
0101000011111101
0101000100001100
0101000100010100
0101000101000111
0101000101100111
0101000110001110
0101000110010101
0101000110101010
0101000111100111
0101000111101111
0101000111111100
0101001000001110
0101001000100100
0101001001010101
0101001001100010
0101001001100100
0101001001101011
0101001010000110
0101001010001111
0101001010010001
0101001010111110
0101001011000111
0101001011010010
0101001011101101
0101001011111000
0101001100000000
0101001100000010
0101001100001011
0101001100110101
0101001101000100
0101001101001010
0101001101001101
0101001101010101
0101001101110110
0101001110010100
0101001111011101
0101010000011000
0101010000100001
0101010000111001
0101010000111110
0101010001001101
0101010001011101
0101010001100110
0101010010010101
0101010010100000
0101010010100111
0101010010110100
0101010011000110
0101010011011001
0101010100101101
0101010101001000
0101010101001010
0101010101010010
0101010101100101
0101010101101000
0101010101101011
0101010101101110
0101010110000010
0101010110111001
0101010110111010
0101010111000101
0101010111100010
0101010111101011
0101011000000101
0101011000010110
0101011000100010
0101011000111100
0101011001000110
0101011001001111
0101011001010101
0101011001101110
0101011001111000
0101011010001001
0101011010001110
0101011010011010
0101011010100101
0101011010110010
0101011011001111
0101011011010111
0101011011011001
0101011011100100
0101011011100111
0101011011111001
0101011100001001
0101011100100100
0101011101011011
0101011101111101
0101011101111111
0101011110101110
0101011111000001
0101011111001100
0101011111101000
0101011111101101
0101011111111111
0101100000001100
0101100000001101
0101100000011100
0101100000100001
0101100000110100
0101100000110111
0101100001010000
0101100001010010
0101100001011011
0101100001011101
0101100001011110
0101100001111000
0101100010000011
0101100010000100
0101100010110010
0101100011100101
0101100011110101
0101100100001000
0101100100010100
0101100100010110
0101100100111010
0101100101000100
0101100101001110
0101100101010000
0101100101010001
0101100101100000
0101100101100011
0101100101101001
0101100101110011
0101100101110100
0101100110000011
0101100110100100
0101100110100111
0101100110111011
0101100111000001
0101100111001000
0101100111001010
0101100111001100
0101100111111000
0101101000010001
0101101000101010
0101101000101100
0101101001000010
0101101001000100
0101101001100010
0101101001100101
0101101001101101
0101101010010110
0101101010100101
0101101010110010
0101101011100000
0101101011100110
0101101011110010
0101101011110101
0101101100000111
0101101100101101
0101101101001001
0101101101101110
0101101101111000
0101101110001110
0101101110011000
0101101110011001
0101101110011110
0101101110101110
0101101110110101
0101101110111011
0101101111001111
0101101111010101
0101101111101011
0101101111101101
0101110000000010
0101110000100001
0101110000110011
0101110001000000
0101110001011001
0101110001011110
0101110001100001
0101110001111010
0101110010000000
0101110010010011
0101110010101111
0101110010111101
0101110011010101
0101110011100110
0101110011100111
0101110100000110
0101110100001101
0101110100010010
0101110100010110
0101110100101101
0101110100110101
0101110100111000
0101110100111100
0101110101000101
0101110101111010
0101110101111100
0101110110000001
0101110110001011
0101110110011001
0101110110100001
0101110111000100
0101110111101000
0101110111110000
0101110111111010
0101111000010010
0101111000100011
0101111000101011
0101111001000001
0101111001001010
0101111001001100
0101111001001101
0101111001001111
0101111001010100
0101111001010101
0101111001100000
0101111001101000
0101111001110100
0101111001110101
0101111001111011
0101111010001011
0101111010010000
0101111010010101
0101111010011000
0101111010011111
0101111010100001
0101111010100101
0101111010101011
0101111010101100
0101111010101101
0101111011110000
0101111011110100
0101111011110110
0101111100000100
0101111100010010
0101111100101011
0101111100110001
0101111100111111
0101111101000001
0101111101000101
0101111101101000
0101111101111001
0101111101111011
0101111101111100
0101111110001011
0101111110100001
0101111110111011
0101111111001111
0101111111100010
0101111111110011
0110000000010000
0110000000111000
0110000001110000
0110000010010000
0110000010100001
0110000010100010
0110000010100111
0110000010111110
0110000011000011
0110000011010101
0110000100000110
0110000100001100
0110000100010100
0110000100100011
0110000100111011
0110000100111101
0110000101000000
0110000101000101
0110000101011011
0110000101011110
0110000101100111
0110000101101100
0110000110000000
0110000110011011
0110000110011111
0110000111101000
0110001000000010
0110001000001000
0110001000011011
0110001000111111
0110001001001011
0110001001001111
0110001001010010
0110001001010101
0110001001111110
0110001010000100
0110001010000101
0110001010001100
0110001010011010
0110001010110000
0110001010110101
0110001011010001
0110001011100010
0110001011110001
0110001011110111
0110001100001101
0110001100101011
0110001101000100
0110001101001000
0110001101001011
0110001101010000
0110001101011010
0110001101101001
0110001110001010
0110001110010011
0110001110011110
0110001110110101
0110001111100001
0110001111100011
0110001111110100
0110010000010101
0110010000010110
0110010000100100
0110010000110011
0110010001000101
0110010001011010
0110010001100101
0110010001111011
0110010010000110
0110010010010111
0110010010100111
0110010011000011
0110010011000101
0110010011011001
0110010011101000
0110010100010001
0110010100011111
0110010100100010
0110010100111010
0110010101011111
0110010101100010
0110010101111111
0110010110000011
0110010110010000
0110010110101101
0110010110111000
0110010110111111
0110010111000010
0110010111010100
0110010111011111
0110010111101010
0110011000011111
0110011000100101
0110011000101001
0110011001001100
0110011001001111
0110011001011111
0110011001110010
0110011001110100
0110011010000101
0110011010010000
0110011010010101
0110011010101000
0110011011001110
0110011011010111
0110011100110100
0110011101011110
0110011101101101
0110011110000000
0110011110001110
0110011110010010
0110011111010001
0110011111110110
0110100000110001
0110100000110101
0110100001010000
0110100001011111
0110100001111111
0110100010101101
0110100010110001
0110100011000001
0110100011010101
0110100011101100
0110100100000011
0110100100000100
0110100101010100
0110100101010110
0110100101010111
0110100101011111
0110100101110011
0110100101110101
0110100110000010
0110100110000110
0110100110011110
0110100110111000
0110100111000001
0110100111110111
0110100111111001
0110101000010101
0110101000010111
0110101000011100
0110101000101000
0110101000101101
0110101001000100
0110101001101100
0110101001110000
0110101010000001
0110101011001010
0110101011001111
0110101011011010
0110101011101010
0110101011110000
0110101100101111
0110101101001000
0110101101100000
0110101101111111
0110101110000111
0110101110001110
0110101111001101
0110101111101000
0110101111110100
0110110000000110
0110110001000010
0110110001000011
0110110001000100
0110110001101001
0110110010000011
0110110010010011
0110110010011111
0110110010100001
0110110011000101
0110110011001001
0110110011011011
0110110100011000
0110110100011011
0110110100011101
0110110100100100
0110110100110110
0110110100111011
0110110101000000
0110110101010010
0110110101011010
0110110101011100
0110110101100010
0110110101101000
0110110110000000
0110110110001101
0110110110001111
0110110110010111
0110110110111100
0110110111000001
0110110111000011
0110110111001001
0110110111010010
0110110111011010
0110110111100000
0110110111101110
0110110111110111
0110110111111001
0110110111111111
0110111000000001
0110111000101100
0110111000111100
0110111001011001
0110111001011100
0110111001100100
0110111001111110
0110111010011010
0110111010100001
0110111010101001
0110111010101101
0110111010110001
0110111010110111
0110111010111000
0110111010111101
0110111011000111
0110111011010101
0110111011011000
0110111011011010
0110111011110101
0110111011111111
0110111100000001
0110111100001101
0110111100011111
0110111100100100
0110111100111000
0110111100111001
0110111101000010
0110111101001000
0110111101011110
0110111110000011
0110111110011001
0110111110100101
0110111110101111
0110111111101001
0110111111110010
0111000000000100
0111000000000111
0111000000001000
0111000000001111
0111000000101010
0111000000110111
0111000000111100
0111000001001111
0111000001011110
0111000001100001
0111000001111111
0111000010000110
0111000010001000
0111000010110100
0111000011000011
0111000011001000
0111000011001110
0111000011100000
0111000100001001
0111000100110100
0111000101001001
0111000101010100
0111000101010101
0111000101100011
0111000101100101
0111000101110000
0111000101110010
0111000110101101
0111000111111011
0111000111111100
0111001000000110
0111001000001000
0111001000001101
0111001000001110
0111001000011110
0111001000100100
0111001000111110
0111001001011011
0111001001100100
0111001001100110
0111001001101110
0111001001110000
0111001010000101
0111001010010010
0111001010011000
0111001010100011
0111001010101000
0111001010101010
0111001010110111
0111001010111001
0111001011000011
0111001011100010
0111001011100011
0111001011111101
0111001011111111
0111001100000000
0111001100010000
0111001100111000
0111001101100001
0111001101100011
0111001101110111
0111001110010011
0111001110101001
0111001110110110
0111001111000001
0111001111001111
0111001111100000
0111001111110011
0111010000011010
0111010000111101
0111010001010111
0111010001110100
0111010001110110
0111010010100011
0111010010111101
0111010011000000
0111010011000010
0111010011010011
0111010011110001
0111010011111010
0111010011111011
0111010100010011
0111010100011110
0111010100100111
0111010100101011
0111010100110011
0111010100111000
0111010100111100
0111010100111101
0111010101011010
0111010101101010
0111010101101111
0111010101110010
0111010110001010
0111010110101011
0111010110101111
0111010111000000
0111010111000111
0111010111010010
0111010111010011
0111010111010101
0111010111011000
0111010111011001
0111010111100111
0111010111110010
0111010111110111
0111011000011101
0111011000111110
0111011001111001
0111011010000111
0111011010001000
0111011010100100
0111011010110011
0111011010111100
0111011011010001
0111011011010010
0111011011110001
0111011011110111
0111011011111010
0111011100000001
0111011100000101
0111011100100110
0111011101001101
0111011101010110
0111011101111111
0111011110000000
0111011110001101
0111011110010111
0111011110011001
0111011110011100
0111011110100101
0111011110101101
0111011111011000
0111011111100100
0111011111101110
0111011111101111
0111011111111011
0111100000010001
0111100000010110
0111100000100011
0111100000110111
0111100000111110
0111100001101011
0111100001111110
0111100010000010
0111100010001001
0111100010001011
0111100010001100
0111100010001101
0111100010010010
0111100010111010
0111100011001001
0111100011101000
0111100011101101
0111100011110001
0111100100100010
0111100100101110
0111100100111000
0111100101001000
0111100101010000
0111100101010011
0111100101011100
0111100101011111
0111100101110010
0111100110000100
0111100110001001
0111100110110100
0111100111100001
0111100111100011
0111100111111110
0111101000000011
0111101000010010
0111101000011001
0111101000100101
0111101000101101
0111101000110111
0111101001001001
0111101001011100
0111101001100011
0111101001111001
0111101010000001
0111101010001010
0111101010100010
0111101010100100
0111101010100111
0111101010101100
0111101010101101
0111101010101110
0111101010110000
0111101010110011
0111101011010011
0111101011100100
0111101011101011
0111101011110000
0111101011111100
0111101100001001
0111101100001011
0111101100010011
0111101100011011
0111101100101000
0111101101011111
0111101110000111
0111101110011001
0111101110100010
0111101110101101
0111101111001000
0111101111011101
0111101111100100
0111110001000111
0111110001100100
0111110001110101
0111110010001110
0111110010011101
0111110010110010
0111110010110100
0111110010110101
0111110010111111
0111110011100011
0111110011110010
0111110011110111
0111110100100011
0111110101011001
0111110101011010
0111110110011010
0111110110100000
0111110110100001
0111110110100101
0111110110101111
0111110110110010
0111110110111111
0111111000000100
0111111000010000
0111111000010001
0111111000010111
0111111000110111
0111111000111111
0111111001001001
0111111001111100
0111111010000110
0111111010001100
0111111011000111
0111111011001001
0111111011001011
0111111011010111
0111111011100000
0111111011110001
0111111011110101
0111111100000010
0111111100110000
0111111100111101
0111111101000111
0111111101001001
0111111101111100
0111111110000101
0111111110001001
0111111110001110
0111111110100111
0111111110101111
0111111110111101
0111111111001110
0111111111010111
0111111111110010
0111111111110111
1000000000100001
1000000000100100
1000000000110010
1000000001001110
1000000001010101
1000000001100001
1000000001101011
1000000001111000
1000000010001111
1000000010010010
1000000010011010
1000000010101011
1000000011000111
1000000011100001
1000000011111001
1000000100000011
1000000100001011
1000000100010011
1000000100100000
1000000100101000
1000000101000011
1000000101000101
1000000101110010
1000000101110011
1000000110000111
1000000110010110
1000000110100001
1000000110110100
1000000110111011
1000000111001110
1000000111011001
1000000111100001
1000000111101100
1000000111111100
1000000111111110
1000001000001000
1000001001010110
1000001010001011
1000001010001111
1000001010101000
1000001010110011
1000001011101110
1000001100010010
1000001100010111
1000001100100101
1000001100110111
1000001101000001
1000001101001101
1000001101110000
1000001101110111
1000001101111110
1000001110001100
1000001110100110
1000001111011011
1000001111100001
1000010000000001
1000010000100011
1000010000101101
1000010001001000
1000010001001110
1000010001111000
1000010001111100
1000010010000110
1000010010001001
1000010010001101
1000010010100100
1000010010100110
1000010010111111
1000010011011001
1000010011100010
1000010011110111
1000010011111110
1000010100000010
1000010100001111
1000010100010010
1000010100101011
1000010100110011
1000010100111110
1000010101000001
1000010101000100
1000010101100101
1000010101110000
1000010101111001
1000010110010000
1000010110101110
1000010110110000
1000010110110110
1000010110110111
1000010111001001
1000010111001010
1000010111010000
1000010111110010
1000011000001011
1000011000001101
1000011000010100
1000011000011110
1000011000100101
1000011000110110
1000011001101000
1000011001110011
1000011010001011
1000011010011010
1000011010110001
1000011010111010
1000011011000111
1000011011101000
1000011100010001
1000011100100011
1000011100111100
1000011101001110
1000011110000101
1000011110000111
1000011110001001
1000011110010001
1000011110010100
1000011110011010
1000011111000111
1000011111010000
1000011111100100
1000011111101111
1000011111111111
1000100000000110
1000100000100010
1000100000100011
1000100001101010
1000100001111010
1000100010000110
1000100010001001
1000100010011101
1000100010111000
1000100011000011
1000100011010111
1000100011011110
1000100011110100
1000100011111011
1000100100000100
1000100100001101
1000100100001110
1000100100100011
1000100100101101
1000100100110101
1000100101010101
1000100101100010
1000100101110111
1000100101111011
1000100101111101
1000100101111110
1000100110100111
1000100110110001
1000100110111100
1000100111000111
1000100111001100
1000100111010101
1000100111110001
1000100111111001
1000100111111101
1000101000101101
1000101000110100
1000101000111010
1000101000111100
1000101001000011
1000101001000110
1000101001001110
1000101001100110
1000101001111100
1000101010000000
1000101010001100
1000101010001101
1000101010001110
1000101011000001
1000101011111011
1000101100100011
1000101100100100
1000101100101010
1000101100101110
1000101100110111
1000101101001100
1000101110001001
1000101110001100
1000101110011011
1000101110011110
1000101110100110
1000101111000111
1000101111010011
1000101111100001
1000101111100100
1000101111100111
1000101111111111
1000110000001011
1000110000001111
1000110000010011
1000110000100001
1000110000110111
1000110001000110
1000110001001111
1000110001010101
1000110001100101
1000110001111000
1000110010000111
1000110010001010
1000110010110101
1000110011000000
1000110011000110
1000110011011110
1000110011101001
1000110100100001
1000110100110000
1000110100110101
1000110101000101
1000110101001000
1000110101001011
1000110101001100
1000110101010110
1000110101011100
1000110101101000
1000110101110010
1000110110011011
1000110110100111
1000110111000011
1000110111100001
1000111000011000
1000111001010111
1000111001111011
1000111010011011
1000111010011101
1000111010100000
1000111010100100
1000111010100110
1000111010101000
1000111011000010
1000111011001101
1000111011011010
1000111011101000
1000111011101101
1000111101000101
1000111101011100
1000111110010001
1000111110101010
1000111110110100
1000111110111010
1000111111000010
1000111111001101
1000111111010101
1001000000000100
1001000000001100
1001000000011001
1001000000100111
1001000000110001
1001000001010010
1001000010001100
1001000010100010
1001000010111111
1001000011001010
1001000011100010
1001000011111100
1001000011111110
1001000100000000
1001000100001010
1001000100111000
1001000101101011
1001000110001000
1001000110011111
1001000110100000
1001000110101010
1001000110110100
1001000111010101
1001000111101001
1001000111110011
1001000111111001
1001000111111011
1001001000001010
1001001000011010
1001001000100100
1001001001001111
1001001001011101
1001001010000100
1001001010000101
1001001010111110
1001001011010001
1001001011010110
1001001011011100
1001001100001011
1001001100001111
1001001100100111
1001001101000011
1001001101010111
1001001101100100
1001001101110011
1001001110010000
1001001111101000
1001001111101100
1001001111110000
1001001111111010
1001010000011010
1001010001001011
1001010001001100
1001010001101001
1001010001101101
1001010010000000
1001010010000010
1001010010101111
1001010010110010
1001010010110100
1001010011000111
1001010011001011
1001010011011110
1001010011011111
1001010011111011
1001010100000011
1001010100011100
1001010100011110
1001010100101011
1001010101001100
1001010101110010
1001010101110011
1001010101111001
1001010101111100
1001010110000001
1001010110001101
1001010110100000
1001010110100001
1001010110101011
1001010110110110
1001010110111111
1001010111001100
1001011000000101
1001011000011100
1001011000100001
1001011000100101
1001011000100111
1001011000110010
1001011000110011
1001011001000010
1001011001110010
1001011010001111
1001011010010000
1001011010010100
1001011010100001
1001011010110001
1001011011101100
1001011011111010
1001011100011111
1001011100100111
1001011100111010
1001011100111100
1001011100111101
1001011101000100
1001011101000111
1001011101010111
1001011101101110
1001011101110001
1001011110001000
1001011110010001
1001011110111011
1001011111000101
1001011111001000
1001011111001100
1001011111010110
1001011111100001
1001011111101100
1001100000011100
1001100000100101
1001100000101000
1001100000111001
1001100000111100
1001100001001100
1001100010011010
1001100010101001
1001100010110100
1001100010111011
1001100010111101
1001100010111111
1001100011010110
1001100011110011
1001100100100010
1001100100111100
1001100101000000
1001100101000110
1001100101010111
1001100101101010
1001100101101111
1001100101110011
1001100101111000
1001100110001011
1001100110010000
1001100110010101
1001100110110110
1001100111000001
1001100111000101
1001100111001101
1001100111101000
1001101000011001
1001101000100101
1001101000110000
1001101000111010
1001101000111011
1001101000111100
1001101000111110
1001101001000000
1001101001111000
1001101010001110
1001101010001111
1001101010101101
1001101010110101
1001101010111111
1001101011010011
1001101011100011
1001101011100100
1001101011111100
1001101100000011
1001101100000111
1001101100001100
1001101100011101
1001101100110001
1001101100110111
1001101101001101
1001101101100011
1001101101100111
1001101101101000
1001101101110101
1001101110000011
1001101110001001
1001101110001110
1001101110100000
1001101111000001
1001101111000010
1001101111001011
1001101111010110
1001101111010111
1001101111011010
1001101111100010
1001101111111000
1001101111111010
1001110000001110
1001110000010010
1001110000011100
1001110000101011
1001110000101100
1001110000101110
1001110000110000
1001110000110100
1001110000111010
1001110001010100
1001110001101111
1001110010101111
1001110011001101
1001110011101010
1001110011110110
1001110100001000
1001110100010110
1001110100100000
1001110100110100
1001110101000011
1001110101001001
1001110101001111
1001110101100010
1001110101101101
1001110101111110
1001110110001001
1001110110010000
1001110110011001
1001110111110101
1001111000100010
1001111001000100
1001111001001111
1001111001010001
1001111001011111
1001111001110111
1001111010000111
1001111010001010
1001111010010111
1001111010011000
1001111011001011
1001111011011101
1001111100000100
1001111100000110
1001111100001010
1001111100010000
1001111100111100
1001111101000010
1001111101000100
1001111101000111
1001111101010010
1001111101011110
1001111101101101
1001111101111010
1001111110100010
1001111110111011
1001111111000000
1001111111000001
1001111111010100
1001111111100111
1001111111101000
1001111111110001
1010000000001011
1010000001000011
1010000010000110
1010000010100000
1010000010101101
1010000011000101
1010000011001011
1010000011010000
1010000011111110
1010000100001011
1010000100011111
1010000100100010
1010000100101000
1010000100110001
1010000101011100
1010000101011110
1010000101100110
1010000101101010
1010000110000110
1010000110001110
1010000110011010
1010000110011011
1010000110100100
1010000110110100
1010000110111100
1010000111101101
1010001000000111
1010001000010010
1010001000010101
1010001000010110
1010001000011110
1010001000110000
1010001000110011
1010001001000101
1010001001010001
1010001001010110
1010001001011111
1010001010101111
1010001010110110
1010001011001011
1010001011001111
1010001011100111
1010001011101000
1010001100101011
1010001101010001
1010001101011101
1010001101100010
1010001101101011
1010001101111110
1010001110000110
1010001110001111
1010001110011110
1010001110100100
1010001110111111
1010001111000111
1010001111011110
1010001111100101
1010001111101100
1010001111110001
1010010000000011
1010010000000101
1010010000001010
1010010000010101
1010010000100110
1010010000111011
1010010001000100
1010010001001101
1010010001010010
1010010001110011
1010010001110100
1010010010010111
1010010010100100
1010010011000001
1010010011001011
1010010011100001
1010010011100010
1010010011100111
1010010011110001
1010010011110111
1010010100100110
1010010100110001
1010010101000101
1010010101011011
1010010101101010
1010010110000100
1010010110001110
1010010110010000
1010010110100100
1010010110111011
1010010111001100
1010010111010000
1010010111010101
1010010111111101
1010011000001100
1010011000101000
1010011000111101
1010011001001010
1010011001001110
1010011001001111
1010011001011001
1010011001110011
1010011001111000
1010011010001010
1010011010110100
1010011010111001
1010011011001000
1010011011011011
1010011011011100
1010011011100011
1010011011100100
1010011011110011
1010011100000111
1010011100001001
1010011100010010
1010011100101001
1010011101000011
1010011101001110
1010011101110010
1010011101111011
1010011110000001
1010011110011000
1010011111000000
1010011111000001
1010011111001010
1010011111100011
1010011111101101
1010011111101110
1010011111111101
1010100000010101
1010100001001010
1010100001101101
1010100010100101
1010100010110000
1010100011001000
1010100011010110
1010100011111000
1010100100000010
1010100100100100
1010100100111101
1010100101010001
1010100101010010
1010100101010110
1010100110001101
1010100110010011
1010100110010101
1010100110011000
1010100110101000
1010100110101101
1010100110110110
1010100111000000
1010100111000101
1010100111101100
1010100111110111
1010101000000001
1010101000000010
1010101000010110
1010101000011001
1010101000011111
1010101000100000
1010101000101111
1010101000110001
1010101000110110
1010101001000110
1010101001001000
1010101001011000
1010101010000110
1010101010001101
1010101010011000
1010101010101001
1010101010110101
1010101011010000
1010101011011011
1010101011011110
1010101011110110
1010101011111001
1010101011111111
1010101100010101
1010101100100011
1010101100100100
1010101100100110
1010101100101011
1010101101000100
1010101101101110
1010101101110100
1010101101111111
1010101110100011
1010101110101100
1010101110110101
1010101111010110
1010101111011010
1010101111100011
1010101111100100
1010101111101000
1010101111111011
1010110000001010
1010110000011101
1010110000100111
1010110000110110
1010110001010101
1010110001100000
1010110001100110
1010110001101011
1010110001111001
1010110010010010
1010110010101000
1010110100001110
1010110100101001
1010110101000011
1010110101001110
1010110101010011
1010110101100010
1010110101110000
1010110101111000
1010110101111010
1010110110001011
1010110110001100
1010110110011100
1010110110101110
1010110110111001
1010110110111010
1010110111100000
1010110111101100
1010111000000100
1010111000001101
1010111000010011
1010111000100001
1010111000110010
1010111000111011
1010111001100101
1010111001101101
1010111001111101
1010111010100010
1010111010101111
1010111011001010
1010111011101011
1010111011101100
1010111011111100
1010111100000011
1010111100000111
1010111100001100
1010111100011110
1010111100100001
1010111100100111
1010111100101101
1010111100111100
1010111101000100
1010111101001010
1010111101010111
1010111101100000
1010111101101001
1010111101110100
1010111110000010
1010111110001110
1010111110001111
1010111110011001
1010111110111011
1010111111011110
1010111111110100
1011000000001001
1011000000010000
1011000000100110
1011000000101000
1011000000110000
1011000000111001
1011000001001101
1011000010000110
1011000010100001
1011000010110010
1011000010111000
1011000011011001
1011000011011101
1011000011100001
1011000100011111
1011000100100001
1011000101000101
1011000101111001
1011000110011000
1011000110100011
1011000110111001
1011000111100011
1011001000101010
1011001000111100
1011001001000011
1011001001001011
1011001001100111
1011001001101000
1011001001110100
1011001010000001
1011001010001001
1011001010001010
1011001010011000
1011001010101011
1011001010110011
1011001011011110
1011001011100000
1011001011101010
1011001011111011
1011001100010001
1011001100011100
1011001100110011
1011001100111000
1011001101001100
1011001101110000
1011001101111001
1011001110011110
1011001110100110
1011001110110110
1011001111001011
1011001111101100
1011001111110100
1011010000100011
1011010000101011
1011010001000110
1011010001010101
1011010001011000
1011010001101000
1011010001111101
1011010010001101
1011010010010101
1011010010011100
1011010010101001
1011010011001100
1011010011011111
1011010011110000
1011010100000101
1011010100001000
1011010100010100
1011010101000000
1011010101000001
1011010101000101
1011010101001001
1011010101101011
1011010110000101
1011010110001111
1011010110010110
1011010110010111
1011010110100011
1011010110110001
1011010110111011
1011010110111101
1011010111101100
1011010111110000
1011011000010011
1011011000111101
1011011001000001
1011011001000010
1011011001011011
1011011001111110
1011011010001101
1011011010001111
1011011010100001
1011011010101100
1011011010110001
1011011010111101
1011011011000001
1011011011001011
1011011100010101
1011011101001010
1011011101001110
1011011101010010
1011011101110010
1011011101110011
1011011101110111
1011011101111011
1011011101111111
1011011110000111
1011011110011110
1011011111001010
1011100000000011
1011100000001111
1011100000011100
1011100000011111
1011100000100100
1011100001111001
1011100010000011
1011100010100100
1011100010100110
1011100010111101
1011100011000000
1011100011001100
1011100011010111
1011100100000001
1011100100001011
1011100100010100
1011100100100001
1011100100101110
1011100100110111
1011100101001010
1011100101010011
1011100101010110
1011100101011110
1011100101100101
1011100110000110
1011100110001100
1011100110011110
1011100110100110
1011100110101101
1011100110110001
1011100110110101
1011100110111000
1011100110111111
1011100111001001
1011100111010111
1011100111100111
1011100111111001
1011101000110000
1011101000110110
1011101001000111
1011101001001011
1011101001101000
1011101001110101
1011101001111010
1011101001111111
1011101010001011
1011101010001100
1011101010011110
1011101011000010
1011101011011001
1011101011101011
1011101011111000
1011101100000100
1011101100010111
1011101100101001
1011101100101111
1011101100111010
1011101100111101
1011101100111111
1011101101110001
1011101110000010
1011101110010000
1011101110101100
1011101111000001
1011101111000011
1011101111111111
1011110000001011
1011110000001111
1011110001000010
1011110001110101
1011110001111011
1011110010011011
1011110010011101
1011110010100011
1011110010110001
1011110010111000
1011110011101010
1011110011111101
1011110100001000
1011110100001110
1011110100010111
1011110100100010
1011110100100101
1011110100100111
1011110100110001
1011110101011011
1011110101100001
1011110110001001
1011110110010010
1011110110010110
1011110110110001
1011110111000010
1011110111010101
1011111000010100
1011111000010101
1011111000011010
1011111000011110
1011111000101011
1011111001000011
1011111001001000
1011111001101101
1011111010001110
1011111010011100
1011111010011101
1011111010100011
1011111010100110
1011111011001001
1011111011111001
1011111100000110
1011111100010011
1011111100100010
1011111100101011
1011111101000010
1011111101000111
1011111101011100
1011111101100111
1011111101111001
1011111101111111
1011111110010110
1011111110011000
1011111110011100
1011111110100010
1011111110100011
1011111110101010
1011111110110000
1011111110110101
1011111110110111
1011111110111011
1011111110111101
1011111111000110
1011111111010100
1011111111110000
1100000000110000
1100000000111001
1100000001100001
1100000001101001
1100000001110101
1100000010010111
1100000011101100
1100000011110101
1100000011111001
1100000100000000
1100000100100101
1100000100101011
1100000100110100
1100000101111111
1100000110000001
1100000110101100
1100000110111101
1100000111000000
1100000111000110
1100000111011111
1100000111100100
1100000111101110
1100000111111010
1100001000010011
1100001000110100
1100001001000000
1100001001010111
1100001001100110
1100001001110100
1100001001110111
1100001010000000
1100001010010111
1100001010011010
1100001010100100
1100001010110111
1100001010111000
1100001011010001
1100001011010011
1100001011100011
1100001011101011
1100001100000111
1100001100001000
1100001100001001
1100001100111110
1100001101001100
1100001101100110
1100001101101100
1100001110000011
1100001110010010
1100001110011001
1100001111001100
1100001111001101
1100001111010110
1100001111011100
1100010000011100
1100010000111110
1100010001000010
1100010001010000
1100010001011010
1100010001101110
1100010001110000
1100010010010000
1100010010101011
1100010010101101
1100010010111001
1100010010111111
1100010011000001
1100010011000011
1100010011100000
1100010011111101
1100010100000101
1100010100011010
1100010100011101
1100010100100100
1100010100100111
1100010100101101
1100010100110001
1100010101000010
1100010101110100
1100010110010001
1100010110100000
1100010110100010
1100010110101111
1100010110110111
1100010110111010
1100010111101101
1100010111111000
1100010111111111
1100011000011011
1100011000100010
1100011001000011
1100011001001100
1100011001010110
1100011001011011
1100011001110100
1100011001111011
1100011010001011
1100011011000011
1100011011010000
1100011011010101
1100011100000111
1100011100001100
1100011100011100
1100011100100000
1100011100100110
1100011100111100
1100011101011110
1100011110000101
1100011110001010
1100011110001101
1100011110110000
1100011110111101
1100011111001000
1100011111100001
1100011111110001
1100011111111100
1100100000100000
1100100000101001
1100100000101011
1100100000110110
1100100001100010
1100100010001010
1100100010001110
1100100010011011
1100100010011111
1100100010101110
1100100011100110
1100100011100111
1100100011101010
1100100011110100
1100100100001011
1100100100001111
1100100100010101
1100100100011010
1100100100111100
1100100101101011
1100100101110001
1100100110001011
1100100110001110
1100100110010111
1100100110100110
1100100110101000
1100100110101110
1100100110110000
1100100111001110
1100100111101011
1100100111110000
1100100111111000
1100101000000011
1100101000001110
1100101000010110
1100101000011101
1100101000100101
1100101001000100
1100101001010000
1100101001011010
1100101010000100
1100101010001111
1100101010010111
1100101010011001
1100101010100011
1100101010101000
1100101010101110
1100101010111010
1100101011100110
1100101011111111
1100101100001010
1100101100001101
1100101100111000
1100101100111010
1100101101111011
1100101110001111
1100101110011010
1100101110101111
1100101110110100
1100101110111100
1100101110111110
1100101111000000
1100101111000010
1100101111100000
1100110000001101
1100110000010101
1100110000100001
1100110000100101
1100110000111110
1100110001010111
1100110001110111
1100110001111011
1100110010011001
1100110010110101
1100110011110000
1100110011111101
1100110100110110
1100110100111010
1100110101000100
1100110101000111
1100110101011010
1100110101100101
1100110101101100
1100110110000010
1100110110000011
1100110110101111
1100110110111111
1100110111000110
1100110111001000
1100110111001101
1100110111100110
1100111000001001
1100111000001010
1100111000010000
1100111000010100
1100111000101001
1100111000111101
1100111001000011
1100111001001101
1100111001001111
1100111001010101
1100111001100011
1100111001110100
1100111010000010
1100111010000100
1100111010001001
1100111010001100
1100111010001101
1100111010010001
1100111010100010
1100111010101101
1100111010111111
1100111011000100
1100111011000110
1100111011001001
1100111011100000
1100111100000010
1100111100001011
1100111100010100
1100111100101100
1100111100110001
1100111101000010
1100111101000111
1100111101010110
1100111101011111
1100111101100011
1100111101100101
1100111101101100
1100111101110011
1100111110000100
1100111110001101
1100111110011001
1100111110101010
1100111110110111
1100111110111010
1100111111001101
1100111111101000
1100111111110000
1100111111110001
1100111111111101
1101000000001100
1101000001010000
1101000001010001
1101000001011110
1101000001101001
1101000010001110
1101000010110110
1101000011101100
1101000011101101
1101000100010110
1101000100100000
1101000100101101
1101000100110110
1101000101001001
1101000101001110
1101000101111010
1101000110010000
1101000110100001
1101000110101001
1101000110110001
1101000110111111
1101000111101100
1101001000000001
1101001000100011
1101001000101010
1101001000101011
1101001000110010
1101001001101100
1101001001110111
1101001011000110
1101001011001010
1101001011011111
1101001011111010
1101001011111111
1101001100110110
1101001101100100
1101001101101000
1101001101101111
1101001101110011
1101001110000100
1101001110100111
1101001110101110
1101001110111000
1101001110111001
1101001111100000
1101001111110011
1101010000000111
1101010000100000
1101010000100100
1101010000111101
1101010001001000
1101010001100110
1101010001110100
1101010001111110
1101010010000010
1101010010001110
1101010010010011
1101010010110111
1101010011011111
1101010011100011
1101010100101011
1101010100111001
1101010101000001
1101010101011011
1101010101100101
1101010110000011
1101010111001001
1101010111001100
1101010111001110
1101010111100111
1101011000101111
1101011001000110
1101011001001111
1101011001010001
1101011001011101
1101011001101011
1101011001110110
1101011001111001
1101011010011011
1101011010011110
1101011010100010
1101011010100101
1101011010111111
1101011011010010
1101011011011001
1101011100010100
1101011100011010
1101011100101110
1101011100111011
1101011101010111
1101011101011110
1101011101100101
1101011110000100
1101011110111010
1101011111001101
1101011111101010
1101100000000010
1101100000001001
1101100000001010
1101100000001100
1101100000011111
1101100001000010
1101100001000100
1101100001100011
1101100001100100
1101100001100110
1101100001101011
1101100001110111
1101100001111110
1101100010000010
1101100010010110
1101100011000010
1101100011100101
1101100011101111
1101100011110000
1101100100010100
1101100100011010
1101100100110100
1101100101001010
1101100101110010
1101100101110011
1101100101110111
1101100110000010
1101100110000101
1101100110000111
1101100110100110
1101100110100111
1101100110101010
1101100110101111
1101100110110010
1101100111101000
1101100111110001
1101100111111010
1101101000001110
1101101000011110
1101101000100101
1101101000111110
1101101001000101
1101101001001111
1101101001010011
1101101001011001
1101101001100011
1101101001100110
1101101001101110
1101101001110000
1101101010001101
1101101010010110
1101101010110100
1101101011011011
1101101011011111
1101101011110111
1101101100000001
1101101100000100
1101101100111111
1101101101000110
1101101101001010
1101101101110011
1101101110010101
1101101110011101
1101101110011111
1101101110100000
1101101110100001
1101101110101001
1101101110101110
1101101111000000
1101101111001011
1101101111010000
1101110000001010
1101110000001110
1101110000100001
1101110000100111
1101110000101000
1101110001110011
1101110010001111
1101110010011011
1101110010110001
1101110010111010
1101110011001010
1101110011001110
1101110011010010
1101110011101110
1101110011110001
1101110011110111
1101110011111011
1101110100001001
1101110100010000
1101110101000110
1101110101100010
1101110101111111
1101110110000110
1101110110100011
1101110110110010
1101110111001110
1101110111010001
1101110111010101
1101110111011110
1101110111101100
1101110111111000
1101111000000001
1101111000011001
1101111000100000
1101111000100100
1101111001001001
1101111001001011
1101111001010000
1101111001101110
1101111001110111
1101111011000101
1101111011011010
1101111011110100
1101111011111010
1101111011111111
1101111100000110
1101111100000111
1101111100001111
1101111100100000
1101111100110000
1101111100111000
1101111101011011
1101111101011110
1101111101110101
1101111101111010
1101111110100000
1101111110100001
1101111110101011
1101111110101110
1101111110110110
1101111111000000
1101111111100011
1101111111101011
1101111111101110
1101111111110000
1110000000000000
1110000000001101
1110000000001111
1110000000010111
1110000000011010
1110000000011111
1110000000100000
1110000000100111
1110000000110001
1110000001010100
1110000001011010
1110000001110010
1110000010000100
1110000010111100
1110000011001001
1110000011001010
1110000011001110
1110000011100001
1110000011101111
1110000011111110
1110000100001011
1110000100111011
1110000101000000
1110000101010000
1110000101010001
1110000101011010
1110000101110110
1110000110001101
1110000110100100
1110000110101011
1110000111110011
1110000111110100
1110001000000110
1110001000100111
1110001001000010
1110001001001110
1110001001100101
1110001010101011
1110001010110001
1110001011101110
1110001100000000
1110001100101001
1110001101000010
1110001101001000
1110001101001100
1110001101010110
1110001101011100
1110001110000000
1110001110000010
1110001110000100
1110001110100000
1110001110111000
1110001111000100
1110001111010110
1110001111011000
1110001111100111
1110001111101010
1110001111101100
1110010000000000
1110010000001100
1110010000001111
1110010001000010
1110010001011101
1110010001100101
1110010010010101
1110010010100011
1110010010101110
1110010010110100
1110010010111110
1110010011000100
1110010011001001
1110010011111001
1110010011111111
1110010100101010
1110010100101111
1110010100110101
1110010101000011
1110010101100111
1110010110001000
1110010111000000
1110010111010101
1110011000010000
1110011000101000
1110011000101101
1110011001100000
1110011010100010
1110011010100111
1110011011000001
1110011011001001
1110011011001110
1110011011011100
1110011011011101
1110011011100110
1110011011101000
1110011011111011
1110011100011110
1110011101000000
1110011101010100
1110011101101111
1110011101110100
1110011101111001
1110011101111100
1110011110101110
1110011110101111
1110011110110100
1110011111011000
1110011111100011
1110011111111100
1110100000001011
1110100000010111
1110100000100001
1110100000101101
1110100001000011
1110100001001010
1110100001010011
1110100001111101
1110100010010100
1110100010011001
1110100010011010
1110100010111110
1110100011001110
1110100011011100
1110100011100010
1110100100000110
1110100100001001
1110100100010101
1110100100011110
1110100100100000
1110100100101001
1110100101001110
1110100101010110
1110100101011001
1110100101110000
1110100110010101
1110100110010111
1110100110101101
1110100110101111
1110100111000000
1110100111010110
1110100111100110
1110100111110010
1110100111110101
1110100111111111
1110101000011101
1110101000111010
1110101001001110
1110101001111111
1110101010001010
1110101010111100
1110101011011001
1110101011011011
1110101100011100
1110101100100000
1110101100101000
1110101100110101
1110101100111000
1110101101000110
1110101101101000
1110101110000101
1110101110001110
1110101110010000
1110101111111100
1110110000011011
1110110000101000
1110110000101100
1110110000101110
1110110001001001
1110110001010100
1110110001110000
1110110001110011
1110110001111110
1110110010000011
1110110010000110
1110110010001100
1110110010010110
1110110010010111
1110110010100110
1110110010111011
1110110010111110
1110110011000001
1110110011010111
1110110011011000
1110110011011110
1110110011110110
1110110011111001
1110110100000101
1110110100011110
1110110100100100
1110110101000111
1110110101010110
1110110101100001
1110110101100101
1110110110000000
1110110110000010
1110110110011100
1110110110101010
1110110110101011
1110110111011011
1110110111011111
1110110111100000
1110110111100111
1110110111110110
1110110111111011
1110110111111101
1110110111111110
1110111000000011
1110111000010001
1110111000101011
1110111000101100
1110111000111110
1110111000111111
1110111001000000
1110111001011101
1110111001100001
1110111001101011
1110111001110000
1110111001110011
1110111010000010
1110111010010111
1110111010011001
1110111010011101
1110111010100001
1110111010100111
1110111011101001
1110111011111001
1110111100000110
1110111100001100
1110111100101010
1110111100101100
1110111100101101
1110111100101110
1110111101000010
1110111101000111
1110111101001101
1110111101010111
1110111101011111
1110111101100010
1110111101101010
1110111101110011
1110111110001110
1110111110101011
1110111110111111
1110111111000011
1110111111010010
1110111111010101
1110111111101010
1110111111110011
1111000000000110
1111000000010000
1111000000011101
1111000000110111
1111000001101101
1111000010001110
1111000010100101
1111000010101101
1111000011000011
1111000011110101
1111000011110111
1111000100010100
1111000100011010
1111000100011101
1111000100101100
1111000101010100
1111000101010101
1111000101010110
1111000101101110
1111000101111111
1111000110001110
1111000110101000
1111000110101101
1111000111000011
1111001000000101
1111001000000110
1111001000001010
1111001000001101
1111001000011010
1111001000101010
1111001000110000
1111001000111000
1111001000111111
1111001001000111
1111001001110000
1111001001111000
1111001010000110
1111001010010011
1111001010010101
1111001010100001
1111001010100111
1111001011000001
1111001011011111
1111001011111111
1111001100000110
1111001100001010
1111001100010011
1111001100111001
1111001101001000
1111001101010001
1111001101011000
1111001101110110
1111001101111011
1111001110001010
1111001110010101
1111001110100101
1111001110101110
1111001110110001
1111001111000000
1111001111100110
1111010000000001
1111010000001000
1111010000100010
1111010001000111
1111010001100010
1111010001101111
1111010010010001
1111010010110110
1111010010111000
1111010011001011
1111010011100110
1111010011110001
1111010011110110
1111010011111010
1111010011111101
1111010100001110
1111010100011010
1111010100100110
1111010101001010
1111010101001110
1111010101110000
1111010101110110
1111010110000100
1111010110110001
1111010110110110
1111010110110111
1111010110111000
1111010111000101
1111010111001110
1111010111010010
1111010111100011
1111010111110010
1111011000001111
1111011000011101
1111011001000001
1111011001011010
1111011001111001
1111011010001001
1111011010010101
1111011011011010
1111011011011011
1111011100000000
1111011100101010
1111011100111011
1111011101001100
1111011101010011
1111011101010100
1111011101010101
1111011101010111
1111011101011100
1111011101100010
1111011101101011
1111011101101101
1111011101101110
1111011110001011
1111011110011001
1111011110101010
1111011110110010
1111011111010101
1111011111100111
1111011111111111
1111100000010111
1111100000100010
1111100000101110
1111100000110111
1111100001010111
1111100001011001
1111100001011111
1111100001101010
1111100010000011
1111100010010111
1111100010100000
1111100010100011
1111100010101101
1111100011011111
1111100011100101
1111100011101101
1111100100011000
1111100100011011
1111100100110010
1111100100111100
1111100100111111
1111100101000111
1111100101001111
1111100101010001
1111100101110000
1111100101110111
1111100110000001
1111100110000100
1111100110010010
1111100110110001
1111100110110010
1111100111001100
1111100111001110
1111100111110001
1111101000001011
1111101000011100
1111101000011101
1111101000101001
1111101000101101
1111101001001001
1111101001010010
1111101001011010
1111101001100100
1111101010010001
1111101010101001
1111101010111010
1111101010111101
1111101011010100
1111101011100100
1111101011110010
1111101100000100
1111101100010011
1111101100010101
1111101100010111
1111101100101011
1111101100110100
1111101101010110
1111101101101011
1111101101110001
1111101110000101
1111101110001111
1111101110100110
1111101110110101
1111101111000101
1111101111010011
1111101111101011
1111101111111111
1111110000101100
1111110000111001
1111110001000101
1111110001101101
1111110001110101
1111110010001001
1111110010001110
1111110010101001
1111110010110000
1111110011000101
1111110011000110
1111110011101111
1111110011111110
1111110100011101
1111110100111010
1111110101111011
1111110110000001
1111110110001111
1111110111110011
1111110111110111
1111111000010110
1111111000011000
1111111000011110
1111111000100010
1111111001001110
1111111001011011
1111111001100100
1111111001101001
1111111001101010
1111111001110100
1111111010010101
1111111010011001
1111111010011110
1111111010110100
1111111010110101
1111111010111010
1111111011011001
1111111100000001
1111111100011000
1111111100100011
1111111100101011
1111111100101100
1111111100111010
1111111101101101
1111111101111000
1111111110010111
1111111110100010
1111111110101001
1111111110110011
1111111111011100
1111111111101111
1111111111110000
