# r16.txt  随机不等间隔  正确值=42204  位置=0
1010010011011100
0000000001100100
0000000001101110
0000000010001110
0000000010101110
0000000011001011
0000000011111110
0000000100101101
0000000100111011
0000000101101011
0000000101111101
0000000101111111
0000000110010100
0000000111000100
0000000111010110
0000000111100000
0000000111111011
0000001000001111
0000001000010000
0000001000011000
0000001001111010
0000001010000000
0000001010001011
0000001010100101
0000001010100111
0000001010111010
0000001010111011
0000001011010100
0000001011011101
0000001011100101
0000001011111000
0000001100000100
0000001100101011
0000001100110100
0000001101001010
0000001101011001
0000001101110001
0000001101110010
0000001101111101
0000001110010101
0000001110110001
0000001110110111
0000001111000101
0000001111010010
0000001111110111
0000010000000011
0000010000101100
0000010000111000
0000010001000010
0000010001011101
0000010001101001
0000010010010011
0000010010100011
0000010010110011
0000010010111011
0000010010111111
0000010011001100
0000010011010010
0000010011011110
0000010011101111
0000010100010100
0000010100010110
0000010100100000
0000010100101111
0000010100111100
0000010101000010
0000010101101010
0000010101110100
0000010101110110
0000010110000001
0000010110101011
0000010110110100
0000010110111111
0000010111000111
0000010111001001
0000010111001011
0000010111010001
0000010111011111
0000010111100001
0000010111101001
0000010111111101
0000011000001101
0000011000010100
0000011000011001
0000011000101011
0000011000111111
0000011001011000
0000011001101111
0000011010000010
0000011010100000
0000011010101011
0000011010110010
0000011010110011
0000011011001100
0000011011100010
0000011011101101
0000011011110010
0000011011111100
0000011100001100
0000011100011100
0000011100101010
0000011100111111
0000011101001011
0000011101010100
0000011101101110
0000011101110000
0000011101110111
0000011110010111
0000011110011111
0000011110100111
0000011110110000
0000011111000000
0000011111110001
0000011111111001
0000011111111010
0000100000001101
0000100000001111
0000100000100011
0000100000101011
0000100000110111
0000100000111111
0000100001001101
0000100001011001
0000100001101001
0000100010010010
0000100010100011
0000100010110001
0000100011010101
0000100011011010
0000100011101000
0000100011110010
0000100011110101
0000100100000111
0000100100100001
0000100101001010
0000100101001100
0000100101110101
0000100110001100
0000100110011001
0000100110100011
0000100110100101
0000100110111101
0000100111111010
0000101000111000
0000101001000101
0000101001011101
0000101010000101
0000101010001000
0000101010010000
0000101010010001
0000101010010011
0000101010011100
0000101010100100
0000101010101101
0000101010111010
0000101011000101
0000101011000111
0000101011001000
0000101011010101
0000101011101001
0000101100000010
0000101100001011
0000101100100001
0000101100100011
0000101100110110
0000101101101111
0000101101110100
0000101101110101
0000101110000101
0000101110001010
0000101110111111
0000101111010011
0000101111011010
0000101111110001
0000101111111100
0000101111111101
0000110000000101
0000110000010001
0000110000100000
0000110000101011
0000110000101110
0000110000111101
0000110001000111
0000110001010011
0000110001100000
0000110001101011
0000110001111010
0000110001111100
0000110010001111
0000110011000010
0000110011101101
0000110100000011
0000110100101000
0000110101000100
0000110101001000
0000110101011001
0000110101110011
0000110110000110
0000110110111000
0000110110111111
0000110111010001
0000110111010111
0000110111101001
0000110111101111
0000111000100011
0000111000110000
0000111000110010
0000111001010111
0000111001011101
0000111001100111
0000111001101011
0000111001110100
0000111010000010
0000111010101001
0000111011001010
0000111011110111
0000111011111011
0000111100011001
0000111101010011
0000111101111101
0000111110000001
0000111110010000
0000111110010011
0000111110011001
0000111110100000
0000111110100011
0000111110100110
0000111110111011
0000111111000000
0000111111000110
0000111111010110
0000111111011110
0000111111100011
0000111111111000
0001000000010010
0001000000010111
0001000000011010
0001000001001001
0001000001001100
0001000001010101
0001000001100110
0001000001110111
0001000001111111
0001000010001010
0001000010100111
0001000010101010
0001000011000000
0001000011000100
0001000011010011
0001000011011010
0001000011101000
0001000100000111
0001000100011010
0001000100110011
0001000101011010
0001000101111101
0001000110100001
0001000110100010
0001000110101101
0001000111000011
0001000111000101
0001000111001101
0001000111010111
0001000111011001
0001000111101011
0001000111111100
0001001000100010
0001001000101101
0001001000110111
0001001001010001
0001001001011100
0001001001100100
0001001001111001
0001001010000000
0001001010000101
0001001010000111
0001001010001010
0001001010010011
0001001010010101
0001001010110101
0001001011000101
0001001011010001
0001001011100100
0001001100000000
0001001100010010
0001001100011101
0001001100100100
0001001100101011
0001001101001001
0001001101001010
0001001101001100
0001001101010111
0001001101011001
0001001101011011
0001001101100111
0001001101101101
0001001110000011
0001001110011000
0001001110101010
0001001110111110
0001001111001101
0001001111010010
0001001111011011
0001001111101001
0001001111110011
0001001111111111
0001010000000110
0001010000001110
0001010000011100
0001010000111011
0001010001000010
0001010001010001
0001010001011111
0001010010000001
0001010010001000
0001010010010001
0001010010011001
0001010010011110
0001010010101100
0001010010111011
0001010011000101
0001010011010011
0001010011100001
0001010011110010
0001010011110110
0001010011111101
0001010100000100
0001010100001011
0001010100010011
0001010100110011
0001010100110100
0001010101000000
0001010101001011
0001010101100001
0001010101110100
0001010110001100
0001010110010111
0001010110011000
0001010110100001
0001010110110011
0001010111001010
0001010111011000
0001010111101000
0001010111110011
0001010111111101
0001011000000000
0001011000010110
0001011000101111
0001011000111000
0001011001010110
0001011001100011
0001011010100100
0001011010101100
0001011010111110
0001011011001101
0001011011010101
0001011011100111
0001011011101010
0001011011111110
0001011100000011
0001011100001011
0001011100111010
0001011101001000
0001011101001100
0001011101010001
0001011101101011
0001011110100110
0001011111000110
0001011111000111
0001011111010011
0001100000000100
0001100000010111
0001100000100100
0001100001001111
0001100001010000
0001100001010010
0001100001011110
0001100010110111
0001100010111101
0001100010111111
0001100011011011
0001100011110011
0001100011110100
0001100011111100
0001100100000001
0001100100001001
0001100100100000
0001100101000000
0001100101010010
0001100101011011
0001100110001101
0001100110010010
0001100110011111
0001100111000011
0001100111011110
0001100111101011
0001101000001001
0001101000010111
0001101000100011
0001101000110001
0001101000110010
0001101001010000
0001101001100110
0001101001101011
0001101001111110
0001101010100010
0001101010100101
0001101011010100
0001101011110101
0001101011111010
0001101011111101
0001101100000010
0001101100000101
0001101100010011
0001101100011011
0001101100110000
0001101100111010
0001101100111100
0001101101010101
0001101101101001
0001101110011011
0001101110101011
0001101110111000
0001101111001101
0001101111011001
0001101111011111
0001110000001100
0001110000010011
0001110000101111
0001110001010111
0001110001011001
0001110010100000
0001110010100100
0001110100000100
0001110100000110
0001110100011000
0001110100011011
0001110100100000
0001110100101111
0001110100110001
0001110101001110
0001110101110101
0001110101111100
0001110110010000
0001110110010011
0001110110110111
0001111000010100
0001111000010101
0001111000010111
0001111000011100
0001111000011111
0001111000100000
0001111000110101
0001111000111001
0001111000111100
0001111001010011
0001111001010111
0001111001011001
0001111010011101
0001111011001001
0001111011010011
0001111011100111
0001111011101100
0001111100111110
0001111101000100
0001111101010000
0001111101101000
0001111101101111
0001111101110110
0001111110000010
0001111110000100
0001111110000111
0001111110011001
0001111110111000
0001111111010100
0001111111111000
0010000000000100
0010000000100100
0010000001001101
0010000001010000
0010000001100110
0010000001110000
0010000001110001
0010000010011000
0010000010110010
0010000010110111
0010000011000010
0010000011100001
0010000011110111
0010000100000001
0010000100001101
0010000100001111
0010000100010011
0010000100011001
0010000100110011
0010000101001000
0010000101010101
0010000101101110
0010000101110101
0010000110011000
0010000110100100
0010000110101101
0010000110110001
0010000110110101
0010000110110111
0010000110111101
0010000111010010
0010000111010101
0010000111011011
0010000111101001
0010000111101010
0010000111101011
0010000111110001
0010000111110101
0010001000000110
0010001000001010
0010001000010111
0010001000101111
0010001001000000
0010001001000110
0010001001100011
0010001010001001
0010001010001100
0010001010100010
0010001010111000
0010001011001010
0010001100100100
0010001100110001
0010001100111010
0010001101000001
0010001101010011
0010001101011011
0010001101011101
0010001101011111
0010001101110010
0010001101111110
0010001110011101
0010001110100101
0010001110101101
0010001110111101
0010001111010000
0010001111010101
0010001111011101
0010001111100011
0010001111101000
0010001111111000
0010001111111001
0010010000001001
0010010000010011
0010010000101001
0010010000101011
0010010001000000
0010010001011111
0010010001100100
0010010001101011
0010010010001111
0010010010100010
0010010010101110
0010010010110010
0010010010111001
0010010011001001
0010010011010110
0010010011011010
0010010011110100
0010010011110111
0010010100000110
0010010100110110
0010010100111110
0010010101001000
0010010101110011
0010010101111000
0010010101111010
0010010110100111
0010010110101011
0010010110101111
0010010111010000
0010010111010010
0010010111010111
0010010111110111
0010010111111011
0010010111111101
0010011000000000
0010011000101011
0010011000101100
0010011000110000
0010011000111010
0010011001010011
0010011001100010
0010011001111010
0010011011011101
0010011011110111
0010011011111011
0010011100000100
0010011100010100
0010011100111011
0010011101001010
0010011101100001
0010011101100011
0010011101100110
0010011101101010
0010011101110101
0010011110000011
0010011110010011
0010011110100001
0010011110111110
0010011111000111
0010011111010110
0010011111011001
0010011111101110
0010100000101011
0010100000111010
0010100001000010
0010100001000110
0010100001001011
0010100001010111
0010100001011010
0010100001100000
0010100001100001
0010100001101000
0010100001101100
0010100001110001
0010100001110011
0010100001111011
0010100010010001
0010100010010010
0010100010101100
0010100010111111
0010100011001110
0010100011010110
0010100011100010
0010100011111010
0010100100010010
0010100100010100
0010100100101010
0010100100110101
0010100100111100
0010100101001010
0010100101001110
0010100101101001
0010100110000111
0010100110001111
0010100110011111
0010100110110010
0010100110111100
0010100111100011
0010100111101100
0010100111110010
0010100111110100
0010100111111000
0010101000000001
0010101000001000
0010101000001010
0010101000110100
0010101001010100
0010101001110011
0010101001111011
0010101010000011
0010101010000110
0010101010110010
0010101011001001
0010101011011001
0010101011100101
0010101011101000
0010101011110001
0010101011111011
0010101100110000
0010101101010000
0010101101010001
0010101101010111
0010101101011100
0010101101100000
0010101101100101
0010101101101101
0010101110000011
0010101110011000
0010101110101101
0010101110110101
0010101111001111
0010101111101101
0010101111110000
0010101111110110
0010101111111000
0010101111111100
0010110000010111
0010110000100101
0010110000101101
0010110000110001
0010110000110111
0010110000111001
0010110000111110
0010110001001010
0010110001001111
0010110001101100
0010110001110011
0010110001110101
0010110001111010
0010110010011010
0010110010111011
0010110011001111
0010110011100110
0010110100000000
0010110100010010
0010110100100011
0010110101110000
0010110101110111
0010110101111001
0010110110100111
0010110111000010
0010110111001110
0010110111011110
0010110111100101
0010111000001010
0010111000010001
0010111000100100
0010111000101010
0010111001001100
0010111010001100
0010111010010001
0010111011010100
0010111011110010
0010111011111110
0010111100011010
0010111101001001
0010111101010111
0010111101011111
0010111101101111
0010111110000000
0010111110000111
0010111110001000
0010111110100111
0010111110101000
0010111110101100
0010111111001000
0010111111001001
0010111111010000
0010111111100100
0010111111101000
0010111111111111
0011000000101001
0011000000101011
0011000001010000
0011000001110010
0011000001111111
0011000010000000
0011000010111110
0011000011000010
0011000011011000
0011000011100111
0011000011110010
0011000011110110
0011000100000011
0011000100000111
0011000100100000
0011000100101100
0011000101010111
0011000101101101
0011000101111110
0011000110000000
0011000110000110
0011000110010011
0011000110010101
0011000110100011
0011000110111010
0011000111000010
0011000111001000
0011000111001100
0011000111010001
0011000111010111
0011000111100011
0011000111110010
0011000111110111
0011001000000011
0011001000000101
0011001000000111
0011001000011100
0011001001000100
0011001001000110
0011001001001011
0011001010000011
0011001010001000
0011001010011100
0011001011000001
0011001100000100
0011001100010110
0011001100100110
0011001100101100
0011001100110100
0011001100111101
0011001101000011
0011001101001110
0011001101011011
0011001101111111
0011001110010011
0011001110011010
0011001110101011
0011001111101110
0011001111101111
0011001111110000
0011001111111000
0011010000001000
0011010000010001
0011010000011000
0011010000100010
0011010000110011
0011010001001001
0011010001001100
0011010001001101
0011010001111000
0011010010100000
0011010010100001
0011010010101111
0011010010110001
0011010011001011
0011010011100101
0011010011101110
0011010100100110
0011010100101000
0011010101010101
0011010101100001
0011010101100010
0011010101100111
0011010101110110
0011010101111001
0011010101111100
0011010101111111
0011010110010101
0011010110011100
0011010111000110
0011010111001000
0011010111001010
0011010111101000
0011010111110010
0011010111111001
0011011000000010
0011011000011101
0011011001000100
0011011001000101
0011011001010111
0011011001011001
0011011001101111
0011011010001101
0011011010010000
0011011011001110
0011011011011000
0011011011110010
0011011100011000
0011011100110011
0011011101010110
0011011101011000
0011011101100010
0011011101110011
0011011101111100
0011011110000011
0011011110001110
0011011110101111
0011011110111101
0011011111000111
0011100000001000
0011100000001001
0011100000100111
0011100000101010
0011100000111010
0011100000111101
0011100001001000
0011100001001001
0011100001111110
0011100010000101
0011100010000110
0011100010010000
0011100010010111
0011100011000000
0011100011000110
0011100011001001
0011100100010110
0011100100101001
0011100100101011
0011100101001010
0011100101001011
0011100101011011
0011100101100111
0011100110100100
0011100110101011
0011100110111000
0011100110111100
0011100111000001
0011100111000110
0011100111011001
0011100111011100
0011100111101110
0011100111101111
0011100111111010
0011100111111111
0011101000010110
0011101001001001
0011101001001011
0011101001011100
0011101001100111
0011101001111010
0011101010001000
0011101010001101
0011101010011101
0011101010101110
0011101010111000
0011101010111111
0011101011000111
0011101011010101
0011101011100111
0011101011101011
0011101100001110
0011101100011001
0011101100011101
0011101100101010
0011101100101011
0011101100101110
0011101100110010
0011101101001101
0011101101011011
0011101101100000
0011101101101101
0011101101110111
0011101101111001
0011101110000100
0011101110001111
0011101110111101
0011101110111110
0011101111010010
0011101111100011
0011101111100110
0011110000000001
0011110000011011
0011110000011110
0011110000100100
0011110000111110
0011110001000000
0011110001100100
0011110001100111
0011110010001101
0011110010010101
0011110010011110
0011110010101110
0011110010110110
0011110011000010
0011110011111010
0011110100110011
0011110101111000
0011110110000010
0011110110001101
0011110111010010
0011110111100000
0011110111100111
0011110111110101
0011110111111001
0011111000000110
0011111000010111
0011111000111010
0011111000111100
0011111001110001
0011111001111011
0011111010010010
0011111010011000
0011111011011000
0011111011110100
0011111011111010
0011111100100011
0011111100101110
0011111100110110
0011111101010001
0011111101101101
0011111110000011
0011111110010111
0011111110011011
0011111110100111
0011111110101011
0011111110101111
0011111110110000
0011111110110101
0011111111100101
0011111111101111
0100000000000001
0100000000000111
0100000000001011
0100000000100100
0100000000101110
0100000000110100
0100000001001001
0100000001010010
0100000001011010
0100000001100001
0100000001101011
0100000001101101
0100000001110000
0100000001110011
0100000001110111
0100000010100011
0100000010110100
0100000010110110
0100000011001111
0100000011010010
0100000011100000
0100000011111010
0100000100000101
0100000100010100
0100000100100010
0100000100101010
0100000100110010
0100000100110111
0100000100111011
0100000101010011
0100000101010100
0100000101010110
0100000101011000
0100000101110001
0100000110000110
0100000110001001
0100000110101001
0100000110111001
0100000111000010
0100000111010111
0100001000010001
0100001000111000
0100001001011000
0100001001101100
0100001001110000
0100001010000100
0100001010010000
0100001010010001
0100001010011001
0100001010110111
0100001010111011
0100001011010110
0100001011011101
0100001011111001
0100001100000110
0100001100001001
0100001100011101
0100001100011111
0100001100100001
0100001101001001
0100001101001100
0100001101001111
0100001101110011
0100001101110101
0100001101110111
0100001101111010
0100001101111110
0100001110000000
0100001110010110
0100001110011100
0100001110110000
0100001111001110
0100001111010110
0100001111101000
0100001111111101
0100010000101000
0100010000101101
0100010000101111
0100010000110111
0100010001000011
0100010001001010
0100010001001011
0100010001001111
0100010001110011
0100010010000101
0100010010001000
0100010010010101
0100010011101111
0100010011110110
0100010011111101
0100010011111110
0100010100001100
0100010100010110
0100010100101010
0100010100101111
0100010100110011
0100010100111011
0100010100111111
0100010101010000
0100010101110010
0100010101111010
0100010110110000
0100010110110011
0100010111011011
0100011000000101
0100011000101010
0100011000101101
0100011000101111
0100011001000000
0100011001000101
0100011001010010
0100011001011010
0100011001011111
0100011001110111
0100011010000000
0100011010001011
0100011010011111
0100011010100101
0100011010100110
0100011011001010
0100011011001011
0100011011010111
0100011011100000
0100011011101110
0100011011110001
0100011011110111
0100011011111101
0100011100000111
0100011100101001
0100011101010010
0100011101101010
0100011101110010
0100011101110111
0100011101111111
0100011110000010
0100011110001000
0100011110011110
0100011110100000
0100011110100100
0100011110100101
0100011110111001
0100011110111010
0100011111010001
0100011111011001
0100011111100001
0100011111110100
0100100000001110
0100100000010100
0100100000011110
0100100000111001
0100100000111111
0100100001001111
0100100001010011
0100100001011011
0100100001100000
0100100001101101
0100100001110101
0100100001111111
0100100010010100
0100100010100110
0100100010110011
0100100010110111
0100100011001001
0100100011010110
0100100011011001
0100100011011110
0100100011110111
0100100011111010
0100100011111111
0100100100010001
0100100100010010
0100100100010111
0100100100100000
0100100101000001
0100100101010000
0100100101010001
0100100101011100
0100100101011110
0100100110100111
0100100110110101
0100100110111001
0100100110111101
0100100111011101
0100100111100000
0100101000011001
0100101000011100
0100101000110000
0100101001001000
0100101001001001
0100101001001011
0100101001001110
0100101001010011
0100101001010101
0100101001010111
0100101001011000
0100101010000001
0100101010010110
0100101011000100
0100101011010111
0100101011100110
0100101011110010
0100101011110011
0100101100011100
0100101100101011
0100101100101101
0100101101001010
0100101101010101
0100101110011000
0100101110011111
0100101110110000
0100101110111011
0100101111010001
0100101111011010
0100101111100000
0100101111101010
0100110000011011
0100110000101011
0100110000101100
0100110000101110
0100110001001001
0100110001011101
0100110010000101
0100110010001001
0100110010010111
0100110010110010
0100110011010100
0100110100000011
0100110100010000
0100110100011011
0100110100101100
0100110100111011
0100110101011000
0100110101011111
0100110101100110
0100110101111000
0100110101111100
0100110110011001
0100110110110011
0100110110110111
0100110111110110
0100110111111001
0100111000000110
0100111000001101
0100111000110111
0100111001000011
0100111001100110
0100111010000011
0100111010001000
0100111010101000
0100111010101011
0100111010110100
0100111010111010
0100111010111101
0100111011001110
0100111011010000
0100111011010100
0100111011011011
0100111100001001
0100111100001111
0100111100011001
0100111100110001
0100111100110100
0100111100111101
0100111101000100
0100111101100010
0100111110000100
0100111110010000
0100111110011100
0100111111100001
0100111111110010
0100111111111101
0101000000001001
0101000000001100
0101000000010011
0101000000010100
0101000000011001
0101000000101110
0101000000110011
0101000000111111
0101000001010110
0101000001111111
0101000010000101
0101000010110100
0101000011000010
0101000011101110
0101000011101111
0101000011111001
0101000100011010
0101000100011110
0101000100100001
0101000100101111
0101000100111011
0101000100111100
0101000100111101
0101000101000100
0101000101010100
0101000101101001
0101000101110010
0101000110101110
0101000111000101
0101000111001000
0101000111001110
0101000111100000
0101000111100100
0101000111101110
0101001000011010
0101001001001111
0101001001101101
0101001001110100
0101001001111100
0101001010110100
0101001011000000
0101001011000010
0101001011001010
0101001011101110
0101001011110010
0101001011110100
0101001011110101
0101001011111010
0101001100010110
0101001100011101
0101001100110100
0101001100111010
0101001101101110
0101001101111000
0101001101111010
0101001110000101
0101001110001010
0101001110001011
0101001110011001
0101001110110010
0101001110111001
0101001111101101
0101001111111101
0101010000001100
0101010000010100
0101010000110000
0101010001100110
0101010001101011
0101010001111000
0101010010000110
0101010010001001
0101010010010000
0101010010101001
0101010010101110
0101010011001010
0101010011001111
0101010011110001
0101010011110110
0101010100011100
0101010100100110
0101010100101010
0101010100111101
0101010100111110
0101010101010111
0101010110000100
0101010110001111
0101010110011100
0101010110111111
0101010111010010
0101010111011010
0101010111111111
0101011000000000
0101011000000100
0101011000001111
0101011000100100
0101011000101000
0101011000101010
0101011001011101
0101011001100100
0101011001101111
0101011001110101
0101011001111101
0101011010000110
0101011010001010
0101011010001110
0101011010010000
0101011010110100
0101011011000100
0101011011000111
0101011011011001
0101011011100101
0101011011110110
0101011011110111
0101011100010001
0101011100010011
0101011100011111
0101011100100110
0101011100101000
0101011100110000
0101011101001110
0101011101010010
0101011101011101
0101011101111001
0101011101111111
0101011110000100
0101011110010000
0101011110100100
0101011111000101
0101011111100001
0101011111110001
0101011111111001
0101100000001001
0101100000010111
0101100001010111
0101100001011010
0101100001011101
0101100001101010
0101100010010100
0101100010011101
0101100011010101
0101100011011000
0101100011100000
0101100011101000
0101100011101110
0101100011111110
0101100100011100
0101100100100010
0101100100101001
0101100100101010
0101100101000101
0101100101001010
0101100101010001
0101100101111010
0101100110011011
0101100110100000
0101100110101110
0101100110111100
0101100111010001
0101101000001010
0101101000100101
0101101000100111
0101101000101010
0101101010000011
0101101010101011
0101101010110001
0101101010111111
0101101011000011
0101101011000101
0101101011011001
0101101100010000
0101101100101001
0101101101001010
0101101101010011
0101101101011110
0101101101100100
0101101110010011
0101101110100100
0101101111001111
0101101111010001
0101101111100110
0101101111111100
0101101111111110
0101110000000010
0101110000101110
0101110000111100
0101110001100001
0101110010000001
0101110010010110
0101110010110001
0101110010111011
0101110010111111
0101110011000001
0101110011001111
0101110011010011
0101110011100011
0101110011110011
0101110011111000
0101110100010001
0101110100011011
0101110100011111
0101110100100101
0101110100110100
0101110100111010
0101110101010101
0101110101100011
0101110101100100
0101110101100101
0101110101111001
0101110110001110
0101110110001111
0101110110100000
0101110110111100
0101110110111110
0101110111000101
0101110111001000
0101110111001101
0101110111011011
0101110111100110
0101111000000101
0101111000010000
0101111000011010
0101111000011011
0101111000100000
0101111000101011
0101111001000011
0101111001101001
0101111010001101
0101111010010000
0101111010101111
0101111010111000
0101111011011011
0101111011100000
0101111011110010
0101111100001111
0101111100100011
0101111101101111
0101111101111101
0101111110100110
0101111110110011
0101111111001100
0101111111010000
0101111111010010
0101111111011000
0101111111101101
0101111111110111
0110000000001010
0110000000111100
0110000001001010
0110000001001100
0110000001001101
0110000010000010
0110000010000101
0110000010001101
0110000010110011
0110000010110100
0110000010111000
0110000011000010
0110000011001100
0110000011010000
0110000011011000
0110000011101000
0110000011101101
0110000100011100
0110000100111110
0110000101001000
0110000101001110
0110000101011100
0110000110000001
0110000110000110
0110000110001101
0110000110010111
0110000110101000
0110000110110100
0110000110111010
0110000110111101
0110000111000010
0110000111000111
0110000111100000
0110000111100110
0110000111111101
0110001000010110
0110001000011100
0110001000101110
0110001000110000
0110001001000000
0110001001100001
0110001001100100
0110001001111010
0110001001111100
0110001010000110
0110001010010101
0110001010101100
0110001010110000
0110001011000001
0110001011001000
0110001011011000
0110001011011101
0110001100001101
0110001100001110
0110001100010001
0110001100011000
0110001100011110
0110001100100010
0110001100111110
0110001100111111
0110001101001110
0110001101010000
0110001101011010
0110001101101110
0110001101110010
0110001101110101
0110001110001011
0110001110011100
0110001110110100
0110001111001110
0110001111010110
0110001111011111
0110001111101111
0110010000010101
0110010000011000
0110010000011001
0110010000011010
0110010000011101
0110010000011110
0110010000011111
0110010000101000
0110010000101011
0110010000101101
0110010000110000
0110010000110001
0110010000111001
0110010001001011
0110010001001101
0110010001010010
0110010010000111
0110010010011110
0110010010110100
0110010010110101
0110010010111101
0110010010111110
0110010011000001
0110010011001010
0110010100001100
0110010101000110
0110010110000010
0110010110000111
0110010110001011
0110010110010010
0110010110010101
0110010110010110
0110010110011000
0110010110110100
0110010111001010
0110010111110011
0110010111111010
0110010111111101
0110011000001010
0110011000111001
0110011000111110
0110011001011001
0110011010001001
0110011010010100
0110011010011011
0110011010011101
0110011010100101
0110011010101111
0110011010110010
0110011010111111
0110011011000111
0110011011100000
0110011011100001
0110011011100110
0110011011111100
0110011100001111
0110011100100110
0110011100110001
0110011100110010
0110011100110011
0110011100110100
0110011100111100
0110011101010001
0110011101010011
0110011101100000
0110011101101101
0110011101101111
0110011110000111
0110011110001100
0110011110010001
0110011110010011
0110011110100101
0110011110101111
0110011110111011
0110011111000111
0110011111010100
0110011111010101
0110011111111010
0110100000000010
0110100000000101
0110100001000101
0110100001000110
0110100001010101
0110100001100000
0110100001101100
0110100010000111
0110100010001000
0110100010010000
0110100010101001
0110100010111001
0110100011010010
0110100011100111
0110100011101010
0110100100001010
0110100100011101
0110100100111010
0110100101000010
0110100101001000
0110100101101010
0110100101110111
0110100101111000
0110100110010111
0110100110101101
0110100111001101
0110100111011100
0110100111100000
0110101000000111
0110101000001001
0110101000010011
0110101000011011
0110101000011100
0110101000100101
0110101001110111
0110101001111000
0110101010000000
0110101011001000
0110101011001001
0110101100000000
0110101100010110
0110101100101010
0110101100101101
0110101100110111
0110101101001011
0110101110011001
0110101111000001
0110101111001000
0110101111010110
0110101111011101
0110101111100111
0110101111101100
0110110000010100
0110110000100000
0110110001000000
0110110001000001
0110110001001010
0110110001010110
0110110001011011
0110110010101011
0110110010111101
0110110010111111
0110110011000110
0110110100000100
0110110100011100
0110110100110000
0110110100110001
0110110100111101
0110110101010000
0110110101100000
0110110101101001
0110110101110000
0110110110000000
0110110110110110
0110110110111001
0110110111001001
0110110111010010
0110110111010100
0110110111111010
0110111000000100
0110111000011001
0110111000101110
0110111000110011
0110111001010110
0110111001101100
0110111001110000
0110111001110111
0110111010010001
0110111010110101
0110111010111110
0110111011000000
0110111011001101
0110111100000001
0110111100010000
0110111101010001
0110111101010101
0110111101100000
0110111110100011
0110111111011001
0110111111011010
0110111111100100
0110111111101000
0110111111110100
0110111111111110
0111000000000000
0111000000011000
0111000000100110
0111000001111100
0111000010001111
0111000010010000
0111000010011000
0111000011000001
0111000011000110
0111000011001000
0111000011110010
0111000100000000
0111000100000001
0111000100001111
0111000101001010
0111000101001100
0111000101011001
0111000101011100
0111000101101100
0111000110001010
0111000110010101
0111000110011000
0111000110011011
0111000110011111
0111000110100100
0111000110111101
0111000111000011
0111000111001011
0111000111010000
0111000111011000
0111000111100000
0111000111100011
0111000111100111
0111001000000001
0111001000000101
0111001000001010
0111001000100010
0111001000110111
0111001001000011
0111001001100100
0111001001101011
0111001010100010
0111001010110010
0111001011000111
0111001011010101
0111001011011000
0111001011011010
0111001011011111
0111001100000101
0111001100000111
0111001100010010
0111001100010111
0111001100011010
0111001100110011
0111001100111000
0111001101010101
0111001110000000
0111001110010010
0111001110010101
0111001110101011
0111001110110110
0111001110111001
0111001110111011
0111001111100011
0111001111101011
0111001111111000
0111010000101001
0111010000101011
0111010000111110
0111010001001001
0111010001001010
0111010010000001
0111010010001000
0111010010001110
0111010010010101
0111010010100011
0111010010110010
0111010011000010
0111010100000100
0111010100010101
0111010100011100
0111010100111111
0111010101010100
0111010101011010
0111010101100000
0111010101100101
0111010101101010
0111010101111111
0111010110010001
0111010110111100
0111010111001000
0111010111100101
0111011000100000
0111011000110110
0111011001000000
0111011001000111
0111011001001011
0111011001001100
0111011001010001
0111011001010010
0111011001101100
0111011001110001
0111011001111111
0111011010000000
0111011010001011
0111011010010010
0111011010101101
0111011011100111
0111011011101001
0111011011111110
0111011011111111
0111011100001010
0111011101101011
0111011101110100
0111011101111000
0111011101111100
0111011110000100
0111011110000111
0111011110001100
0111011111000010
0111011111000011
0111011111011010
0111011111101011
0111011111111011
0111100000000001
0111100000001101
0111100000110011
0111100000111010
0111100000111111
0111100001001000
0111100001001001
0111100001100111
0111100001111001
0111100001111110
0111100010101001
0111100010110000
0111100011101010
0111100011101110
0111100100000010
0111100100001110
0111100100010010
0111100100010011
0111100101101001
0111100101111101
0111100110101001
0111100111010011
0111101000001101
0111101000100111
0111101000101110
0111101000110100
0111101000110111
0111101001000010
0111101010000101
0111101010011010
0111101010100101
0111101010101000
0111101010101001
0111101010110110
0111101010110111
0111101010111000
0111101011001000
0111101011011101
0111101100001110
0111101100011010
0111101100110111
0111101101001111
0111101101010000
0111101101110000
0111101101111001
0111101110110000
0111101111001011
0111101111001110
0111101111010110
0111101111100111
0111101111101001
0111101111110010
0111101111110111
0111101111111100
0111110000000110
0111110000000111
0111110000100101
0111110000101011
0111110000111101
0111110001000000
0111110001001010
0111110001001011
0111110001001100
0111110001001101
0111110001001110
0111110001010011
0111110001011111
0111110001101111
0111110001110011
0111110010010111
0111110010100110
0111110010101011
0111110010101111
0111110010111111
0111110011100010
0111110100011011
0111110100100110
0111110100100111
0111110100101000
0111110100101111
0111110100111100
0111110101000100
0111110101010001
0111110101101101
0111110101110000
0111110101110111
0111110110000101
0111110110001010
0111110110010111
0111110110101001
0111110110101111
0111110110110001
0111110111000000
0111110111000111
0111110111100111
0111110111101010
0111111000001011
0111111000010011
0111111000011110
0111111000100000
0111111000101111
0111111000111100
0111111000111110
0111111001000110
0111111001010001
0111111001011000
0111111001101111
0111111010000100
0111111010001010
0111111010010010
0111111010010111
0111111010100000
0111111010101111
0111111011000010
0111111011000111
0111111011001110
0111111011011111
0111111100000111
0111111100011010
0111111100100111
0111111100111100
0111111101000101
0111111101001001
0111111101011010
0111111101110000
0111111101110010
0111111110000000
0111111110000010
0111111110001111
0111111110100100
0111111110110011
0111111110110101
0111111110111100
0111111111011000
0111111111101111
0111111111110110
1000000000000001
1000000000001100
1000000000011110
1000000000101100
1000000000110010
1000000000110101
1000000001001110
1000000001010110
1000000001111111
1000000010001100
1000000010010111
1000000010110101
1000000011001000
1000000011010110
1000000011100101
1000000011111001
1000000011111011
1000000100000001
1000000100001100
1000000100001110
1000000100101101
1000000101000101
1000000101011000
1000000101100111
1000000101101010
1000000101111100
1000000110000010
1000000110000101
1000000110010110
1000000110100111
1000000110110000
1000000110110010
1000000110111010
1000000111000011
1000000111011100
1000000111100000
1000000111100111
1000000111110011
1000000111110110
1000001000111010
1000001001100100
1000001001101001
1000001001101111
1000001001111100
1000001001111101
1000001001111110
1000001010000010
1000001010011011
1000001010011101
1000001010101000
1000001010110000
1000001010111100
1000001011000001
1000001011010010
1000001011011001
1000001011011010
1000001011111000
1000001011111001
1000001100010111
1000001100101000
1000001101101001
1000001110001101
1000001110011111
1000001110101001
1000001110101010
1000001110101101
1000001110111100
1000001111001100
1000001111001101
1000001111001111
1000001111011001
1000010000010100
1000010000100011
1000010000111101
1000010001000011
1000010001000111
1000010001010101
1000010001011110
1000010001101011
1000010001110001
1000010010000111
1000010010001000
1000010010100000
1000010010100011
1000010010101011
1000010010110011
1000010011000001
1000010011000101
1000010011111101
1000010100000101
1000010100001000
1000010100010110
1000010100011011
1000010100101010
1000010100111111
1000010101000110
1000010101001100
1000010101110000
1000010101110111
1000010110000101
1000010110001010
1000010110100110
1000010110101000
1000010111001100
1000010111010000
1000010111100000
1000010111110010
1000011000000010
1000011000001011
1000011000010111
1000011001000010
1000011001010010
1000011001011010
1000011001101011
1000011001101100
1000011001111101
1000011010101001
1000011010101110
1000011011000010
1000011011000110
1000011011011011
1000011011100001
1000011011100011
1000011011101001
1000011100001100
1000011100011000
1000011101010101
1000011101010110
1000011101011110
1000011110001101
1000011110101011
1000011111100010
1000011111100110
1000011111100111
1000011111101101
1000011111110010
1000011111110011
1000011111111110
1000100000001010
1000100000110011
1000100001000001
1000100001001100
1000100001010001
1000100001110110
1000100010001111
1000100010010000
1000100010010100
1000100010011101
1000100010101001
1000100010110001
1000100010110100
1000100011000010
1000100011001101
1000100011011001
1000100011011011
1000100100001001
1000100100001011
1000100100100000
1000100100101111
1000100101000111
1000100101011001
1000100101110010
1000100110000011
1000100110101101
1000100110110011
1000100110110100
1000100111001111
1000100111011011
1000100111100111
1000100111110010
1000100111111100
1000101001001111
1000101001101111
1000101010000100
1000101010001100
1000101010010111
1000101010100100
1000101010110100
1000101010111111
1000101011001011
1000101011100001
1000101011110010
1000101011111011
1000101011111111
1000101100101101
1000101100110000
1000101101000011
1000101101001000
1000101101011100
1000101101110000
1000101111100010
1000101111101110
1000101111111001
1000110000000000
1000110001001100
1000110001011110
1000110001100010
1000110001100101
1000110001101110
1000110010001100
1000110010001111
1000110010010000
1000110010011010
1000110010100000
1000110010100001
1000110010101000
1000110010111011
1000110011010001
1000110011011110
1000110011100110
1000110011111000
1000110011111010
1000110011111011
1000110100010010
1000110100010110
1000110100011100
1000110100100000
1000110100100011
1000110100110011
1000110101000100
1000110101001001
1000110101001110
1000110101101011
1000110110001100
1000110110001111
1000110110101001
1000110110101100
1000110111000010
1000110111001101
1000110111010100
1000110111111101
1000111000000001
1000111000000101
1000111000010110
1000111000011000
1000111000100001
1000111000101000
1000111000110010
1000111000110111
1000111001001110
1000111001111011
1000111010010101
1000111010100011
1000111010100111
1000111010110110
1000111011001111
1000111011010010
1000111011101011
1000111011101110
1000111011110010
1000111011111100
1000111100000001
1000111100000111
1000111100001010
1000111100100011
1000111100101101
1000111100101111
1000111100110010
1000111101001110
1000111110011001
1000111110100100
1000111110100110
1000111110111010
1000111111011101
1000111111101001
1001000000000110
1001000000001100
1001000000001110
1001000000010110
1001000000100111
1001000000101010
1001000001010111
1001000001100101
1001000001110011
1001000001110110
1001000001111010
1001000010001000
1001000010010010
1001000010100110
1001000011001100
1001000011110000
1001000011110001
1001000011110100
1001000100001001
1001000100011101
1001000100101010
1001000101011001
1001000101101000
1001000110000110
1001000110011111
1001000110110110
1001000111000000
1001000111000001
1001000111010000
1001000111010100
1001000111111011
1001001000001101
1001001000010000
1001001000110011
1001001000111111
1001001001011010
1001001010000001
1001001010010010
1001001010100110
1001001010101010
1001001010111101
1001001011000110
1001001011010001
1001001011010011
1001001011010110
1001001100001100
1001001100010101
1001001100100000
1001001100101110
1001001101000100
1001001101001011
1001001101111000
1001001101111101
1001001111001101
1001001111100011
1001001111100101
1001001111110010
1001001111111100
1001001111111110
1001010000010001
1001010000011010
1001010000100010
1001010001001010
1001010001011110
1001010001110010
1001010001111010
1001010010011001
1001010010110101
1001010010111011
1001010011000110
1001010011001011
1001010011001101
1001010011010100
1001010011101010
1001010011111100
1001010100001001
1001010100001010
1001010100001011
1001010100010101
1001010100100110
1001010100110001
1001010101011001
1001010101101010
1001010101111100
1001010110100100
1001010110101100
1001010111011111
1001010111111101
1001011000010111
1001011000011001
1001011000100100
1001011001000111
1001011001001100
1001011001101001
1001011001101010
1001011001110101
1001011010000111
1001011010101111
1001011010111111
1001011011100110
1001011011101101
1001011011110011
1001011011111110
1001011100000111
1001011100011111
1001011100100001
1001011100100100
1001011100101001
1001011100110000
1001011100110110
1001011101000000
1001011101000011
1001011101000100
1001011101011010
1001011101100011
1001011101111001
1001011101111111
1001011110001010
1001011110011010
1001011111001010
1001011111101001
1001011111110101
1001100000011010
1001100000011111
1001100000110010
1001100000110100
1001100001000000
1001100001000100
1001100001001100
1001100001110111
1001100001111110
1001100010001101
1001100010010001
1001100010010101
1001100010100000
1001100010101001
1001100010101110
1001100010110101
1001100010111001
1001100011000100
1001100011001011
1001100011010011
1001100100000110
1001100100110000
1001100101000111
1001100101110000
1001100110001000
1001100110010000
1001100110110000
1001100110110001
1001100110110111
1001100111010101
1001100111011011
1001100111110110
1001101000011011
1001101001010000
1001101001010110
1001101001011000
1001101001100011
1001101001111000
1001101001111011
1001101010010011
1001101010011110
1001101010100010
1001101011110000
1001101011111011
1001101100000000
1001101100000001
1001101100000100
1001101100001111
1001101100011001
1001101100011110
1001101100100011
1001101101011101
1001101101101001
1001101101110001
1001101101111011
1001101110000011
1001101110111110
1001101111110111
1001101111111010
1001110000010101
1001110000011101
1001110000110010
1001110000110101
1001110000110111
1001110001111100
1001110010010011
1001110010011100
1001110010011110
1001110010100111
1001110010110110
1001110010111111
1001110011001000
1001110011011010
1001110011100010
1001110011100110
1001110011100111
1001110100000010
1001110100100011
1001110100101000
1001110100101010
1001110100111010
1001110101001111
1001110101111110
1001110110011110
1001110110100101
1001110110101101
1001110110110101
1001110111100101
1001111000001000
1001111000010001
1001111000100110
1001111000110100
1001111000111011
1001111001000010
1001111001001000
1001111001001001
1001111001011011
1001111001011100
1001111001011111
1001111001100100
1001111001110010
1001111010100110
1001111010111101
1001111011001011
1001111011100010
1001111011111110
1001111100000011
1001111100011101
1001111100101000
1001111100110001
1001111101010110
1001111101100001
1001111101100010
1001111101110001
1001111110000111
1001111110010011
1001111110101010
1001111111000010
1001111111000011
1001111111111110
1010000000000001
1010000000010010
1010000000101010
1010000001001011
1010000001100111
1010000010000111
1010000010001000
1010000010001100
1010000010010000
1010000010010110
1010000010110110
1010000011001101
1010000011010001
1010000011100000
1010000011110010
1010000011110100
1010000100001100
1010000100110000
1010000101000000
1010000101001101
1010000101011110
1010000110000101
1010000110101010
1010000110110100
1010000111000010
1010000111001001
1010000111101010
1010000111111010
1010001000000011
1010001000011001
1010001000101001
1010001000110001
1010001000110110
1010001000111010
1010001000111111
1010001001000101
1010001001001110
1010001001100110
1010001001101100
1010001001110001
1010001010000000
1010001010111000
1010001011000100
1010001011011011
1010001011101011
1010001011111111
1010001100001110
1010001100010101
1010001100011011
1010001100100001
1010001100101100
1010001101000000
1010001101001010
1010001101010001
1010001101011001
1010001101110000
1010001101110110
1010001110001100
1010001110010011
1010001110011000
1010001110110011
1010001110110111
1010001110111101
1010001111000001
1010001111001110
1010001111011110
1010001111101000
1010001111110110
1010010000000101
1010010000010100
1010010000101111
1010010001011111
1010010001111000
1010010001111100
1010010010000101
1010010010010010
1010010010010101
1010010010010110
1010010010011111
1010010010101000
1010010010110111
1010010011110101
1010010100010010
1010010100010110
1010010100100111
1010010101100010
1010010101110110
1010010101111000
1010010101111001
1010010110000111
1010010110001011
1010010110010000
1010010110011010
1010010110111010
1010010110111101
1010010111101010
1010010111111010
1010011000001001
1010011001010011
1010011001100110
1010011001110100
1010011001110101
1010011010010101
1010011010011001
1010011010101101
1010011010111010
1010011010111111
1010011011000111
1010011011011111
1010011011100110
1010011011110100
1010011011110111
1010011100001111
1010011100110000
1010011100110010
1010011101011000
1010011101110000
1010011101111100
1010011110010010
1010011110010110
1010011110101011
1010011110110000
1010011110111111
1010011111001011
1010011111101101
1010011111110100
1010100000000011
1010100000000110
1010100000100101
1010100001100100
1010100001100111
1010100001101000
1010100001110000
1010100010011101
1010100010100011
1010100010111110
1010100011000110
1010100011001111
1010100011100011
1010100011101011
1010100011111000
1010100011111100
1010100100010111
1010100100011110
1010100100110100
1010100100111110
1010100101011101
1010100101101101
1010100101101111
1010100110000010
1010100110001010
1010100111000010
1010100111010000
1010101000001000
1010101000010010
1010101000101101
1010101000111000
1010101000111110
1010101001000010
1010101001000110
1010101001100101
1010101001110100
1010101010101000
1010101010101110
1010101010110101
1010101010111100
1010101011011000
1010101011011001
1010101011011101
1010101011100100
1010101011101010
1010101100011110
1010101100100101
1010101100100110
1010101100110110
1010101100110111
1010101100111101
1010101101000010
1010101101001110
1010101101111000
1010101110000010
1010101110001001
1010101110010010
1010101110101010
1010101110110110
1010101110111111
1010101111101001
1010101111101011
1010110000001001
1010110000010001
1010110000011001
1010110001101100
1010110001110110
1010110010011000
1010110011000000
1010110011000100
1010110011110110
1010110011111001
1010110100000111
1010110100001101
1010110100101101
1010110100110100
1010110100110111
1010110100111001
1010110100111110
1010110101000001
1010110101010011
1010110101010101
1010110101111000
1010110101111001
1010110101111100
1010110110011001
1010110110100001
1010110110100111
1010110110110011
1010110110110100
1010110110110101
1010110110111010
1010110110111011
1010110111001110
1010110111010000
1010110111110111
1010110111111000
1010111000001111
1010111000010111
1010111000100110
1010111000110000
1010111000111100
1010111001010000
1010111001010111
1010111001101110
1010111010001001
1010111010011110
1010111010100001
1010111010110100
1010111010111100
1010111011000000
1010111011000010
1010111011011100
1010111011100000
1010111011100001
1010111100000001
1010111100001010
1010111100011000
1010111100100110
1010111100111010
1010111101000110
1010111101010011
1010111101011010
1010111101100110
1010111101101011
1010111110010010
1010111110010011
1010111111000011
1010111111010101
1010111111010110
1010111111011011
1010111111011111
1010111111111001
1011000000000111
1011000000001000
1011000000010001
1011000001000000
1011000001000001
1011000001000110
1011000001010011
1011000001011111
1011000001100110
1011000010000011
1011000010001001
1011000010001010
1011000010100000
1011000010100110
1011000010111100
1011000011000110
1011000011001111
1011000011011000
1011000011100010
1011000011110001
1011000011110110
1011000100011100
1011000101000100
1011000101000110
1011000101001111
1011000101010100
1011000101100100
1011000101111010
1011000110001001
1011000110011000
1011000110100111
1011000111001111
1011000111010010
1011000111011101
1011000111100101
1011000111110001
1011001000011011
1011001000101001
1011001000111101
1011001001001101
1011001001010100
1011001001101011
1011001001101101
1011001011001100
1011001011011011
1011001011100110
1011001011101010
1011001011111010
1011001100000000
1011001100100000
1011001100101101
1011001100111010
1011001101000001
1011001101011011
1011001110011000
1011001111000111
1011001111100101
1011001111111101
1011010000001100
1011010001000010
1011010001001110
1011010001100100
1011010001110100
1011010001111100
1011010010010111
1011010010110101
1011010011011011
1011010011100010
1011010011100100
1011010011111100
1011010100000000
1011010100010101
1011010100011010
1011010100011100
1011010100011111
1011010100100000
1011010101010101
1011010101011000
1011010101111100
1011010110000010
1011010110010000
1011010110010001
1011010110010101
1011010110110101
1011010110111010
1011010110111110
1011010111010110
1011010111011111
1011010111101000
1011010111101001
1011010111110000
1011010111111001
1011011000101011
1011011000110011
1011011000111000
1011011000111010
1011011001001010
1011011001011110
1011011001011111
1011011001100010
1011011001101100
1011011001111101
1011011010010100
1011011010100010
1011011010101000
1011011011000001
1011011011010010
1011011011011111
1011011100011110
1011011100101000
1011011100110100
1011011100110111
1011011101010100
1011011101011101
1011011101101000
1011011110000010
1011011110011111
1011011110100100
1011011110101100
1011011111000000
1011100000000001
1011100000100011
1011100001001111
1011100001010001
1011100001010111
1011100001101001
1011100010001000
1011100010010111
1011100010100100
1011100010110110
1011100011000011
1011100011001010
1011100011001101
1011100011011101
1011100011100000
1011100011101110
1011100100000100
1011100100001000
1011100100100010
1011100100100100
1011100100101000
1011100100101010
1011100101001010
1011100101011011
1011100101011100
1011100101100100
1011100101111010
1011100110000000
1011100110010011
1011100110100100
1011100110111010
1011100110111100
1011100111000000
1011100111001110
1011100111100011
1011100111100101
1011100111111001
1011100111111011
1011101000001110
1011101000011101
1011101000100111
1011101000101011
1011101000101111
1011101000110101
1011101000111000
1011101000111010
1011101000111111
1011101001001100
1011101001101001
1011101010101000
1011101010111100
1011101011001111
1011101100001110
1011101100011111
1011101100101110
1011101100111000
1011101101000010
1011101101001011
1011101101100001
1011101101101111
1011101101110001
1011101101110111
1011101110011001
1011101110011101
1011101110100010
1011101111011110
1011110000000000
1011110000000001
1011110000011001
1011110000100001
1011110001000000
1011110001000001
1011110001110010
1011110001110100
1011110010001011
1011110010001100
1011110010010011
1011110010011011
1011110010100011
1011110011011100
1011110011100111
1011110011111010
1011110011111011
1011110100010011
1011110101010010
1011110101011011
1011110101100011
1011110101100101
1011110101101111
1011110101110101
1011110110000000
1011110110000111
1011110110010101
1011110110100001
1011110110101010
1011110110110100
1011110111000111
1011110111001000
1011110111011011
1011110111100100
1011110111100101
1011111000001110
1011111000101011
1011111000111010
1011111001001011
1011111001011001
1011111001011110
1011111001110001
1011111010000110
1011111010010111
1011111010011000
1011111010100010
1011111011001100
1011111011001101
1011111011011011
1011111011011111
1011111011111101
1011111100000111
1011111100001000
1011111100010001
1011111100010110
1011111101110000
1011111110000011
1011111110010101
1011111110111101
1011111110111111
1011111111000011
1011111111001101
1011111111011000
1011111111100100
1011111111101010
1011111111101011
1011111111111011
1100000000000001
1100000000100001
1100000000100110
1100000000101000
1100000001001000
1100000001001010
1100000001010110
1100000001011010
1100000001100100
1100000001101011
1100000001101111
1100000010000010
1100000010011011
1100000010011100
1100000011001110
1100000011011101
1100000011100101
1100000011110010
1100000100000001
1100000100000010
1100000100000100
1100000100001001
1100000100001110
1100000100011000
1100000101000010
1100000101000100
1100000101011101
1100000110000001
1100000110000100
1100000110010110
1100000110011010
1100000110011011
1100000110011101
1100000110101101
1100000110110000
1100000111000000
1100000111100011
1100000111100110
1100000111101001
1100000111101100
1100000111111001
1100001000000101
1100001000101111
1100001000110001
1100001000110011
1100001001000100
1100001001001001
1100001001101101
1100001001101110
1100001010001001
1100001010001111
1100001011000101
1100001011001011
1100001011101110
1100001100000001
1100001100000011
1100001100011000
1100001100011101
1100001100110110
1100001101110111
1100001101111111
1100001110000011
1100001110000100
1100001110001100
1100001110010001
1100001110110001
1100010000001110
1100010000010001
1100010000010010
1100010000011100
1100010001000001
1100010001000100
1100010010000111
1100010010001001
1100010010110011
1100010011000111
1100010011001101
1100010011110011
1100010011111001
1100010100000010
1100010100000110
1100010100010001
1100010100011001
1100010100111111
1100010101001000
1100010101001101
1100010101100011
1100010101111111
1100010110000110
1100010110011000
1100010110100011
1100010110101111
1100010111010011
1100010111011000
1100010111011010
1100010111111000
1100010111111010
1100011000000001
1100011000000101
1100011000001100
1100011000101010
1100011001010000
1100011001010111
1100011001011000
1100011001101100
1100011001111110
1100011010011010
1100011011100110
1100011011111010
1100011100000100
1100011100001100
1100011100010011
1100011100010100
1100011100100101
1100011101001010
1100011101001011
1100011101011011
1100011101011100
1100011101100100
1100011101100101
1100011110000010
1100011110010001
1100011110010110
1100011110011001
1100011110011101
1100011110101000
1100011111000011
1100011111001010
1100011111100101
1100011111100110
1100011111101010
1100100000110100
1100100000110110
1100100001111011
1100100010100110
1100100010101000
1100100010110110
1100100011101100
1100100011111111
1100100100011000
1100100100111000
1100100101000110
1100100101001100
1100100101100100
1100100101101101
1100100101101110
1100100110000100
1100100110001010
1100100110001011
1100100110011011
1100100110100001
1100100110111101
1100100111001100
1100100111011001
1100100111101000
1100100111101110
1100100111101111
1100101000001000
1100101000010100
1100101000110111
1100101000111010
1100101001000010
1100101001000100
1100101001001001
1100101001010011
1100101001110010
1100101010000001
1100101010000111
1100101010110010
1100101010110011
1100101011000011
1100101011000100
1100101011101101
1100101100010001
1100101100110111
1100101101000101
1100101101001101
1100101101100011
1100101101101110
1100101110011110
1100101111001111
1100101111010010
1100101111011100
1100101111110101
1100110000001001
1100110000111001
1100110001000001
1100110001011001
1100110001011110
1100110001101000
1100110001110000
1100110001111000
1100110001111010
1100110001111100
1100110010100111
1100110010110111
1100110011000010
1100110011010001
1100110011011000
1100110011101111
1100110100111101
1100110101000101
1100110101000111
1100110101010000
1100110101010011
1100110101110011
1100110110011010
1100110110100111
1100110111001110
1100110111010111
1100110111011001
1100110111011010
1100110111110111
1100110111111100
1100110111111101
1100110111111110
1100111000110010
1100111000110111
1100111000111110
1100111001001001
1100111001101111
1100111010001110
1100111010010011
1100111010011110
1100111010100010
1100111011010001
1100111011110011
1100111100110000
1100111110000011
1100111110011101
1100111110100110
1100111110110011
1100111110111010
1100111111000101
1100111111001010
1100111111010110
1101000001001001
1101000001010100
1101000001011001
1101000001100110
1101000001101111
1101000001110110
1101000001111100
1101000001111111
1101000010001011
1101000010001100
1101000010110001
1101000010111011
1101000010111100
1101000011001001
1101000011001111
1101000011010101
1101000011011001
1101000011100001
1101000100000001
1101000100000100
1101000100001111
1101000100010110
1101000100110110
1101000100111001
1101000101001101
1101000101010111
1101000101100011
1101000101111001
1101000110001000
1101000110010000
1101000110111011
1101000111001010
1101000111010110
1101001000111110
1101001001101001
1101001001101011
1101001001111011
1101001010001100
1101001010010011
1101001010010111
1101001010100100
1101001011011010
1101001011111010
1101001100010010
1101001100010100
1101001100101000
1101001100101110
1101001100110111
1101001101000000
1101001101000001
1101001101001010
1101001101011010
1101001101110110
1101001110010001
1101001110010101
1101001110011010
1101001110111101
1101001111000110
1101001111011000
1101001111011100
1101001111100110
1101001111110011
1101010000000101
1101010000111101
1101010001000110
1101010001001011
1101010001010110
1101010001111000
1101010001111111
1101010010000010
1101010010010100
1101010010010111
1101010010011110
1101010011000100
1101010011100011
1101010011100110
1101010011111010
1101010011111011
1101010100010111
1101010100101001
1101010100111001
1101010101010010
1101010101101001
1101010101101101
1101010110001001
1101010110011000
1101010110011001
1101010111010101
1101010111100011
1101010111101011
1101011000011010
1101011000100010
1101011001110100
1101011001110101
1101011001110111
1101011010000110
1101011010001100
1101011010001110
1101011010010010
1101011010011001
1101011010100110
1101011010110110
1101011011000111
1101011011011111
1101011011111010
1101011100011010
1101011100101010
1101011100101110
1101011100111001
1101011101101110
1101011101110001
1101011101110010
1101011101110101
1101011101110111
1101011101111111
1101011110010001
1101011110011010
1101011110011011
1101011111010111
1101011111100010
1101011111101101
1101011111111001
1101100000000001
1101100000000110
1101100000001001
1101100000001111
1101100000110101
1101100001000000
1101100001010001
1101100001101011
1101100001101111
1101100010010010
1101100010010111
1101100010100001
1101100010101111
1101100010111010
1101100010111100
1101100011011101
1101100011110010
1101100011111011
1101100100000010
1101100100010101
1101100100101111
1101100100111111
1101100101100001
1101100101110001
1101100110001110
1101100110011010
1101100110101000
1101100110110101
1101100111000101
1101100111000110
1101100111101101
1101101000001100
1101101000010001
1101101000110110
1101101000110111
1101101000111010
1101101000111111
1101101001000100
1101101001001101
1101101001011000
1101101001100010
1101101001101000
1101101001111111
1101101010001011
1101101010010000
1101101010011101
1101101010100000
1101101010101100
1101101011000010
1101101011010000
1101101100001101
1101101100010110
1101101100011000
1101101100100000
1101101100100001
1101101100100101
1101101100100110
1101101100101111
1101101100110110
1101101101001001
1101101101010101
1101101101100001
1101101101100110
1101101101101100
1101101110010011
1101101110011000
1101101110011101
1101101110101110
1101101110110111
1101101111000001
1101101111001110
1101101111010000
1101101111010100
1101101111010110
1101101111100101
1101101111101010
1101101111110110
1101101111111000
1101101111111111
1101110000010110
1101110000101001
1101110001000001
1101110001011111
1101110001101010
1101110001110001
1101110010001011
1101110010011101
1101110010101100
1101110010101110
1101110010111000
1101110011010111
1101110011110001
1101110011111001
1101110011111101
1101110100001100
1101110100010100
1101110100011110
1101110100111110
1101110101000000
1101110101010000
1101110101101001
1101110101111010
1101110110000010
1101110110001110
1101110110100101
1101110110101111
1101110111010001
1101110111010010
1101110111011010
1101110111011011
1101110111110011
1101111000100010
1101111000111010
1101111001001110
1101111001010010
1101111001011110
1101111001100110
1101111001101110
1101111001110110
1101111010111010
1101111011000100
1101111011011000
1101111011100011
1101111100010101
1101111100011101
1101111100101001
1101111101000111
1101111101001011
1101111101110100
1101111101110111
1101111110000011
1101111111010111
1101111111110001
1101111111110110
1101111111111101
1110000000111011
1110000001000011
1110000001001000
1110000001010011
1110000010001110
1110000010010001
1110000010100111
1110000010101001
1110000011000100
1110000011100100
1110000100001100
1110000100010000
1110000100100011
1110000100111011
1110000101000100
1110000101010000
1110000101010010
1110000101100100
1110000101101001
1110000110000010
1110000110011110
1110000110100011
1110000110100111
1110000110101000
1110000110110110
1110000110111000
1110000110111100
1110000111000011
1110000111010111
1110000111100000
1110001000001101
1110001000010110
1110001000011110
1110001001011010
1110001001101000
1110001001111111
1110001010011011
1110001010101000
1110001011000111
1110001011010001
1110001011101011
1110001100001011
1110001100001100
1110001100111000
1110001100111101
1110001101011001
1110001101100101
1110001101101100
1110001110001010
1110001110001111
1110001110011000
1110001110110000
1110001110110011
1110001111000010
1110001111101001
1110010000001110
1110010000010011
1110010001010000
1110010001011010
1110010001101100
1110010001110001
1110010010011010
1110010010101001
1110010010101010
1110010010111001
1110010010111110
1110010011000010
1110010011000011
1110010011001110
1110010011011001
1110010011100111
1110010011101111
1110010100000000
1110010100001001
1110010100101100
1110010100111011
1110010101010111
1110010101011101
1110010101100011
1110010110000100
1110010110001001
1110010110011000
1110010110111000
1110010110111100
1110010111110111
1110011000000010
1110011001000110
1110011001100011
1110011010001101
1110011010110010
1110011011010100
1110011011100001
1110011011110011
1110011011111001
1110011100000110
1110011100001101
1110011100010011
1110011100011101
1110011100100010
1110011100100011
1110011100110000
1110011100110101
1110011101000111
1110011101001000
1110011101001110
1110011101110011
1110011101111000
1110011110010100
1110011110110001
1110011111000010
1110011111000111
1110011111010111
1110100000001101
1110100000010101
1110100001000101
1110100001001010
1110100001011010
1110100001100000
1110100001111100
1110100010000011
1110100010000100
1110100010001110
1110100010100010
1110100011001000
1110100011010100
1110100011011000
1110100100000111
1110100100010011
1110100100100111
1110100100111001
1110100100111111
1110100101000100
1110100101010100
1110100110000110
1110100110010000
1110100110100101
1110100110101110
1110100110111110
1110100111001111
1110100111010110
1110100111011001
1110100111100011
1110100111110110
1110101000101100
1110101000101101
1110101000110011
1110101000111001
1110101001000100
1110101001001001
1110101001001100
1110101001010101
1110101001101100
1110101010001111
1110101010101100
1110101010111111
1110101011000101
1110101011010010
1110101011100100
1110101100001101
1110101100111110
1110101101100010
1110101101101010
1110101110000000
1110101110011111
1110101110100110
1110101111001001
1110101111100110
1110101111101011
1110101111110101
1110110000010010
1110110000101111
1110110001001000
1110110001001111
1110110001110000
1110110010000001
1110110010010011
1110110010011011
1110110010110010
1110110010111000
1110110010111010
1110110011001110
1110110011111001
1110110100101000
1110110100110110
1110110101001000
1110110101001111
1110110101011101
1110110101101011
1110110101111000
1110110110000110
1110110110111000
1110110111010011
1110110111010110
1110110111011110
1110110111111111
1110111000110010
1110111000110110
1110111000110111
1110111000111100
1110111010000101
1110111010000111
1110111010011001
1110111010101011
1110111010111000
1110111011100100
1110111011101100
1110111100010011
1110111100010111
1110111100011110
1110111100100010
1110111100100011
1110111100101001
1110111100111001
1110111101000001
1110111101010010
1110111101100000
1110111110010000
1110111110100100
1110111110100111
1110111110110101
1110111111001000
1110111111011001
1110111111100001
1110111111100011
1110111111110100
1111000000110010
1111000000111100
1111000001010000
1111000001100100
1111000001101011
1111000001110110
1111000010001100
1111000010101000
1111000011110101
1111000011111011
1111000100000001
1111000100000010
1111000100011000
1111000100011011
1111000100110001
1111000100110101
1111000100110111
1111000101001010
1111000101010110
1111000101011011
1111000101110001
1111000110001101
1111000110010111
1111000110011010
1111000110011110
1111000110101100
1111000111100101
1111000111111000
1111001000010001
1111001000011111
1111001000100001
1111001000100111
1111001000111001
1111001000111101
1111001001010010
1111001001010011
1111001001011110
1111001001100010
1111001001101001
1111001001101010
1111001001111010
1111001010000110
1111001010011011
1111001010100110
1111001010110100
1111001010110101
1111001011000101
1111001011100111
1111001011111100
1111001100001110
1111001100010100
1111001100110000
1111001100110001
1111001101101000
1111001101101010
1111001101111011
1111001110000111
1111001110100001
1111001110100110
1111001110110001
1111001111000001
1111001111000111
1111001111110010
1111001111111101
1111010000001011
1111010000100111
1111010000101010
1111010001000011
1111010001000101
1111010001000110
1111010001001100
1111010001100011
1111010001100111
1111010001110110
1111010001111001
1111010010110010
1111010010110111
1111010011000101
1111010011010001
1111010011010110
1111010011101011
1111010011101111
1111010100000100
1111010100010010
1111010100010111
1111010100111011
1111010101001011
1111010101011000
1111010101011001
1111010101011101
1111010110000000
1111010110001000
1111010110100001
1111010111000011
1111010111001010
1111010111001111
1111010111011100
1111011000000101
1111011000001101
1111011000011000
1111011000011111
1111011000100100
1111011000110010
1111011001100101
1111011001110101
1111011001110111
1111011010000110
1111011010010110
1111011010100010
1111011010100111
1111011010101000
1111011011000101
1111011011000110
1111011011011011
1111011100001000
1111011100001100
1111011100010100
1111011100010111
1111011100011011
1111011100100010
1111011101000011
1111011101100011
1111011101111010
1111011111000101
1111011111010000
1111011111010101
1111011111100000
1111011111100010
1111100000110101
1111100001000100
1111100001011000
1111100001011011
1111100001011101
1111100001100011
1111100010011101
1111100010100011
1111100010110110
1111100011001011
1111100011111000
1111100100000100
1111100100010001
1111100100010101
1111100100011000
1111100100011011
1111100100101100
1111100101001111
1111100101011001
1111100101101110
1111100101111011
1111100110010010
1111100110010101
1111100110011110
1111100110101011
1111100110110100
1111100111010000
1111100111011101
1111100111100000
1111100111100001
1111100111110000
1111100111111010
1111101000000000
1111101000100000
1111101001000000
1111101001000010
1111101001000100
1111101001000111
1111101001001001
1111101001001010
1111101001101000
1111101001110110
1111101001110111
1111101010010000
1111101011001000
1111101011010111
1111101011011000
1111101100110110
1111101100111010
1111101101001101
1111101101110010
1111101110011001
1111101110101010
1111101110111001
1111101111001000
1111101111010111
1111101111011010
1111101111100000
1111101111100010
1111101111100100
1111101111101101
1111110000000110
1111110000001011
1111110001001001
1111110001010110
1111110001011101
1111110001100100
1111110001101001
1111110010010010
1111110010010110
1111110010101111
1111110010110001
1111110010110100
1111110010111100
1111110011001010
1111110011011111
1111110011100111
1111110011101010
1111110100011110
1111110100110101
1111110101011100
1111110101100010
1111110101100101
1111110101110101
1111110110001010
1111110110010001
1111110110110000
1111110110111101
1111110111000001
1111110111000010
1111110111001010
1111110111001111
1111110111011111
1111110111100011
1111110111111001
1111111000001001
1111111000110001
1111111000111100
1111111001001011
1111111001010100
1111111001011010
1111111001101101
1111111001101111
1111111001110000
1111111001111101
1111111010001110
1111111010101011
1111111010111010
1111111011000011
1111111011001011
1111111011100010
1111111011100101
1111111011101001
1111111011111101
1111111011111111
1111111100011101
1111111101000011
1111111101001111
1111111101010010
1111111101011010
1111111101100000
1111111101100110
1111111101101110
1111111110110001
1111111111011011
1111111111101001
