# r13 1000候选 correct=25207 @pos 499
0000000000011101
0000000000011110
0000000000110101
0000000010001100
0000000010101000
0000000010101101
0000000010110000
0000000011000001
0000000011001110
0000000011100100
0000000100011000
0000000100100011
0000000100100101
0000000100101010
0000000100101011
0000000100110010
0000000101000011
0000000101001000
0000000110001011
0000000110110100
0000000111000100
0000000111000110
0000000111010101
0000000111011001
0000000111101001
0000000111101100
0000001000000101
0000001000011111
0000001000110010
0000001000111111
0000001001000000
0000001001000001
0000001001011001
0000001001100111
0000001001110010
0000001010001100
0000001010100101
0000001010101101
0000001011010101
0000001011011011
0000001011011110
0000001011011111
0000001011111000
0000001100001011
0000001100011100
0000001100101110
0000001100111000
0000001101001010
0000001101011000
0000001110101101
0000001110110100
0000001111010011
0000001111011000
0000001111100111
0000001111111110
0000010000010010
0000010001000000
0000010001000101
0000010001001011
0000010001100001
0000010001110010
0000010001110110
0000010001111110
0000010010001100
0000010010010100
0000010010100011
0000010010110100
0000010010110111
0000010010111010
0000010011001011
0000010011011010
0000010101011000
0000010101011010
0000010110001100
0000010110011001
0000010110011100
0000010110011110
0000010110100000
0000010110110011
0000010110111001
0000010111010011
0000010111100010
0000010111100101
0000010111100110
0000010111111001
0000011001010010
0000011001011011
0000011001011100
0000011001100101
0000011001101000
0000011001101010
0000011001111110
0000011010001101
0000011010010011
0000011010100000
0000011011110010
0000011011110101
0000011100111001
0000011100111110
0000011101110110
0000011101111100
0000011110001000
0000011110110011
0000011111000000
0000011111010100
0000011111100101
0000100000000100
0000100001000100
0000100001111100
0000100010011010
0000100010100001
0000100010110111
0000100010111010
0000100010111100
0000100011011000
0000100011100101
0000100011101101
0000100011110010
0000100011111100
0000100100000001
0000100100000010
0000100100010110
0000100100100110
0000100100110000
0000100100111101
0000100101001000
0000100110011001
0000100110101110
0000100110110011
0000100111000100
0000100111001011
0000100111001111
0000100111100110
0000100111101001
0000100111101101
0000101000000000
0000101001101000
0000101010001111
0000101010010011
0000101010010100
0000101010011000
0000101010011101
0000101010110111
0000101010111111
0000101011000000
0000101011000011
0000101011011110
0000101011100110
0000101011101100
0000101011111111
0000101100000111
0000101100001100
0000101100001110
0000101100010010
0000101100010110
0000101100011101
0000101100101001
0000101100110100
0000101100110101
0000101101100010
0000101101101000
0000101101101111
0000101110001000
0000101110011000
0000101110110000
0000101111000111
0000101111010011
0000101111100001
0000101111101101
0000101111111111
0000110000001001
0000110000100101
0000110000101010
0000110001010011
0000110001101010
0000110001111101
0000110010010010
0000110010100111
0000110010101101
0000110011000011
0000110011000100
0000110011001100
0000110011001110
0000110011011111
0000110011100001
0000110011110110
0000110100010000
0000110100110010
0000110101010001
0000110101010010
0000110101100100
0000110101101111
0000110110000101
0000110110001001
0000110110010000
0000110110011100
0000110111000111
0000110111011101
0000110111100011
0000110111111100
0000111000100000
0000111000100101
0000111000111010
0000111000111011
0000111001010100
0000111001101000
0000111010001001
0000111010001011
0000111010111011
0000111010111100
0000111010111111
0000111011010010
0000111011010111
0000111011011010
0000111011100100
0000111011111010
0000111011111100
0000111100000010
0000111100010111
0000111100011011
0000111100101110
0000111100110001
0000111101000000
0000111101010010
0000111101111110
0000111110101010
0000111111100110
0000111111101000
0001000000010001
0001000000100111
0001000000110111
0001000001000100
0001000001001000
0001000001010011
0001000001010101
0001000001100011
0001000001100100
0001000001111010
0001000010000011
0001000010010000
0001000010011111
0001000011100011
0001000011101011
0001000011111001
0001000100011010
0001000100110111
0001000101110000
0001000101111110
0001000110010110
0001000110011111
0001000110110110
0001000111001010
0001000111101011
0001000111110010
0001000111110011
0001001000000010
0001001000001100
0001001000101000
0001001001001111
0001001001100001
0001001001100010
0001001001101000
0001001010001001
0001001010001110
0001001010101000
0001001011001111
0001001011010000
0001001011011010
0001001011111010
0001001100001111
0001001100100010
0001001101000100
0001001101010001
0001001101011011
0001001101011101
0001001101100011
0001001110000111
0001001110010100
0001001110110000
0001001110110011
0001001110110101
0001001111000100
0001001111001001
0001001111010101
0001001111100101
0001001111100111
0001010000011101
0001010001001100
0001010001010010
0001010001110000
0001010001110111
0001010010000100
0001010010100110
0001010011000011
0001010011100100
0001010100010101
0001010100011010
0001010100101001
0001010101010100
0001010110001110
0001010110001111
0001010110011110
0001010110100100
0001010110100111
0001010110111101
0001010111010000
0001010111101111
0001010111111110
0001010111111111
0001011000001101
0001011000100110
0001011000111100
0001011001001001
0001011001011100
0001011001101111
0001011010010100
0001011010100100
0001011011010101
0001011011100000
0001011011101011
0001011011110000
0001011100011001
0001011100011010
0001011100110111
0001011100111001
0001011101000000
0001011101011111
0001011101111110
0001011110000010
0001011110010011
0001011110010111
0001011110111000
0001011111000010
0001011111001110
0001011111001111
0001011111010010
0001011111010101
0001011111110111
0001100000100001
0001100000101001
0001100000111011
0001100000111101
0001100001010110
0001100001011011
0001100010000110
0001100010001001
0001100010001100
0001100010011010
0001100010011111
0001100011000000
0001100011010000
0001100011100010
0001100011111111
0001100100010100
0001100100100010
0001100100101000
0001100100110011
0001100100110110
0001100100111011
0001100101000011
0001100101100110
0001100110000100
0001100110010000
0001100110101101
0001100111011111
0001100111100000
0001100111101001
0001101000010110
0001101000011100
0001101000100001
0001101000101011
0001101000110111
0001101001010100
0001101001010110
0001101001100101
0001101001101010
0001101001110010
0001101001110110
0001101010010001
0001101010011000
0001101010110001
0001101011000001
0001101011010000
0001101011010111
0001101011111011
0001101100000000
0001101100100010
0001101101000011
0001101101110100
0001101101111001
0001101110000101
0001101110001100
0001101110011011
0001101110100111
0001101110111011
0001101111000011
0001101111001001
0001101111010011
0001101111010111
0001110000010111
0001110000100010
0001110000110101
0001110001001011
0001110001001110
0001110001100000
0001110001101000
0001110001110110
0001110001111100
0001110010000001
0001110010000111
0001110010011100
0001110010101011
0001110010111000
0001110010111011
0001110011001111
0001110011101010
0001110011101110
0001110011110010
0001110100001111
0001110100100011
0001110101001111
0001110101010101
0001110101100000
0001110101101001
0001110101101100
0001110110000001
0001110110001000
0001110110101101
0001110110110000
0001110110110011
0001110111001000
0001110111001001
0001110111010110
0001111000000011
0001111000111001
0001111000111100
0001111000111111
0001111001001101
0001111001101011
0001111010000011
0001111010001001
0001111010100000
0001111010110010
0001111010110011
0001111010111100
0001111010111111
0001111011001111
0001111011100101
0001111011100110
0001111011101011
0001111011101111
0001111011110011
0001111100101000
0001111100110110
0001111101011010
0001111101011110
0001111110100010
0001111110101000
0001111110111011
0001111111000001
0001111111001010
0001111111110001
0001111111110011
0001111111110110
0001111111110111
0010000000000011
0010000000000111
0010000000100101
0010000000110011
0010000001011000
0010000010000000
0010000010000001
0010000010010001
0010000010010100
0010000010011100
0010000010101110
0010000011010101
0010000011110000
0010000011110010
0010000011110101
0010000100000010
0010000100011000
0010000100100000
0010000100101010
0010000100110101
0010000100111001
0010000101000110
0010000101001101
0010000101010010
0010000101100011
0010000101110010
0010000101111101
0010000110001111
0010000110011011
0010000110100101
0010000110110000
0010000110111101
0010000110111110
0010000111000101
0110001001110111
0010000111011100
0010000111100101
0010000111101011
0010000111110010
0010000111111001
0010001000001001
0010001000011010
0010001000110011
0010001000111111
0010001001000110
0010001001101001
0010001001101110
0010001010110100
0010001010111111
0010001011010001
0010001011100010
0010001011110011
0010001100000101
0010001100001011
0010001110011011
0010001110110000
0010001110110110
0010001111000010
0010001111000100
0010001111000101
0010001111000111
0010001111110001
0010010000000010
0010010000001100
0010010000101111
0010010001001101
0010010001011111
0010010001101101
0010010010000110
0010010010100010
0010010010100101
0010010010110110
0010010011001111
0010010011010010
0010010011100001
0010010100000101
0010010100100011
0010010101100000
0010010110000010
0010010110010010
0010010110100000
0010010110100010
0010010111001011
0010010111001101
0010010111101010
0010010111111000
0010011000000100
0010011000011110
0010011000100011
0010011000110010
0010011001001011
0010011001001111
0010011001011010
0010011001100000
0010011001101010
0010011010011001
0010011011000100
0010011011011111
0010011100000111
0010011100101000
0010011100101001
0010011100101010
0010011100111001
0010011100111100
0010011101110111
0010011110101001
0010011110101110
0010011110110000
0010011111000100
0010011111001110
0010011111111000
0010100000101111
0010100000110100
0010100000111111
0010100001010011
0010100001011011
0010100001110011
0010100001111010
0010100001111100
0010100010000000
0010100010010000
0010100010011100
0010100010100010
0010100011000000
0010100011010001
0010100011100110
0010100011100111
0010100011110011
0010100011111010
0010100100000101
0010100100001100
0010100100011100
0010100100101011
0010100100101101
0010100100101111
0010100101000000
0010100101000001
0010100101000101
0010100101110100
0010100110001001
0010100110010110
0010100110111010
0010100111010001
0010100111011110
0010100111110010
0010100111110101
0010101000011011
0010101000111010
0010101001000101
0010101010001101
0010101010010000
0010101010101100
0010101011101001
0010101011111010
0010101011111111
0010101100000111
0010101100100111
0010101100101100
0010101100110101
0010101100111000
0010101101011110
0010101101100101
0010101101101010
0010101101110100
0010101110000000
0010101110000001
0010101110000100
0010101110101101
0010101110101110
0010101111000101
0010101111010001
0010101111011100
0010101111101011
0010110000101010
0010110000101101
0010110000110110
0010110000110111
0010110001000000
0010110001000110
0010110001100111
0010110010000110
0010110010001011
0010110010011100
0010110010100111
0010110010101000
0010110010110000
0010110011010011
0010110011100010
0010110011101000
0010110011101110
0010110011111000
0010110011111111
0010110100011111
0010110100110100
0010110101000100
0010110101000101
0010110101000110
0010110101001010
0010110101001111
0010110101100101
0010110101100111
0010110110000000
0010110110000111
0010110110001000
0010110110010000
0010110110010111
0010110110111011
0010110110111101
0010110111000100
0010110111010111
0010110111101111
0010110111110110
0010111000100000
0010111000110000
0010111001001101
0010111001110001
0010111001110100
0010111010000010
0010111010001001
0010111010100101
0010111010100110
0010111010101110
0010111010111010
0010111011010101
0010111011100010
0010111011100011
0010111011100101
0010111011100110
0010111011111000
0010111100010011
0010111100011101
0010111100100001
0010111100101101
0010111100101110
0010111101011010
0010111101111011
0010111110000011
0010111110010100
0010111110100110
0010111110100111
0010111110101011
0010111110110001
0010111110110010
0010111110111001
0010111111001010
0010111111001101
0010111111001111
0010111111100011
0010111111101010
0010111111110111
0011000000000010
0011000000011011
0011000000100111
0011000000101101
0011000000101111
0011000000111000
0011000000111100
0011000001001000
0011000001010110
0011000001110101
0011000010000011
0011000010000111
0011000010001111
0011000010010101
0011000010011010
0011000010100010
0011000010100110
0011000010101101
0011000011000110
0011000011001000
0011000011001010
0011000011010000
0011000011011101
0011000011011110
0011000011110100
0011000100001011
0011000100011100
0011000100011101
0011000101000001
0011000101001100
0011000101011000
0011000101111000
0011000110010100
0011000111001100
0011000111001101
0011000111100110
0011000111111101
0011001000011100
0011001000110011
0011001001000010
0011001001000111
0011001001101101
0011001010100110
0011001010111101
0011001100101001
0011001101001101
0011001101011000
0011001101011011
0011001101101101
0011001110001001
0011001110011100
0011001110100110
0011001110101001
0011001110110111
0011001111011111
0011001111100111
0011001111110010
0011010000010000
0011010000011101
0011010000111101
0011010001010011
0011010001100111
0011010010001100
0011010010010010
0011010010111100
0011010011000101
0011010011000110
0011010011010010
0011010011011101
0011010011100110
0011010011110010
0011010100000010
0011010100001100
0011010100010011
0011010100011101
0011010100100010
0011010100100100
0011010100111010
0011010101000001
0011010101000101
0011010101110010
0011010101111011
0011010110111011
0011010111000011
0011010111001000
0011010111001011
0011010111001111
0011010111100000
0011010111101010
0011011000010111
0011011000100100
0011011000100110
0011011000110111
0011011001000100
0011011001001001
0011011001001110
0011011001010110
0011011001100111
0011011001101110
0011011001110011
0011011001110100
0011011001110101
0011011010001110
0011011010011111
0011011010111000
0011011011010001
0011011011100011
0011011011110010
0011011011110111
0011011100000010
0011011100001011
0011011100100000
0011011100100100
0011011100100101
0011011100100111
0011011100111000
0011011101011110
0011011101110010
0011011101111111
0011011110011010
0011011110011101
0011011110100101
0011011110101101
0011011110111101
0011011111001011
0011011111100001
0011011111101111
0011011111110001
0011011111110010
0011011111111001
0011011111111101
0011100000001100
0011100000011000
0011100000011111
0011100000101111
0011100000110011
0011100001001000
0011100001010101
0011100001011011
0011100001100000
0011100001111001
0011100001111101
0011100010100100
0011100010111101
0011100011100000
0011100011100011
0011100011110111
0011100100000011
0011100100000110
0011100100110000
0011100101000101
0011100101001010
0011100101100010
0011100101110011
0011100110000100
0011100110001110
0011100110010001
0011100110010101
0011100110101110
0011100111000100
0011100111010010
0011100111011111
0011100111100100
0011100111101001
0011100111110000
0011101000000101
0011101000001011
0011101000001100
0011101000001110
0011101000010010
0011101000011100
0011101000110000
0011101001011101
0011101001100110
0011101001101010
0011101001110000
0011101001110100
0011101010101001
0011101011000011
0011101011000110
0011101011001000
0011101011111001
0011101011111111
0011101100010001
0011101100011100
0011101100101010
0011101100111010
0011101100111100
0011101101001000
0011101101010011
0011101101010100
0011101101011100
0011101110010000
0011101110010010
0011101110011001
0011101110100101
0011101110110010
0011101110110110
0011101111000110
0011101111011100
0011101111110110
0011110000000100
0011110001000011
0011110001000110
0011110001101011
0011110001110101
0011110001111001
0011110001111101
0011110010000000
0011110010010011
0011110011111101
0011110100001000
0011110100100100
0011110100110110
0011110100110111
0011110101100010
0011110101101001
0011110101110100
0011110101110111
0011110110000100
0011110110011111
0011110110100111
0011110110110100
0011110111100001
0011110111100111
0011111000001001
0011111000010110
0011111000011001
0011111000011011
0011111000011100
0011111000100001
0011111000110100
0011111001101111
0011111001110111
0011111001111100
0011111010010010
0011111010100011
0011111010111101
0011111011000011
0011111011010100
0011111011011110
0011111011101111
0011111011111101
0011111100000101
0011111100001001
0011111100100010
0011111100101011
0011111100101100
0011111100101110
0011111100111011
0011111101010101
0011111101011111
0011111101110010
0011111101110011
0011111101111010
0011111110000001
0011111110001101
0011111110011110
0011111110110100
0011111110111010
0011111110111101
0011111111010000
0011111111100000
0011111111101000
0011111111101101
0011111111110000
0011111111111001
0011111111111100
0100000000000010
0100000000001110
0100000000101111
0100000000111010
0100000001000011
0100000001001001
0100000001010110
0100000001010111
0100000001011011
0100000001101111
0100000001110111
0100000010100011
0100000010101010
0100000010101111
0100000010111010
0100000011000000
0100000011000100
