# r13 200候选 correct=25207 @pos 100
0000000000011101
0000000000011110
0000000000110101
0000000010001100
0000000010101000
0000000010101101
0000000010110000
0000000011000001
0000000011001110
0000000011100100
0000000100011000
0000000100100011
0000000100100101
0000000100101010
0000000100101011
0000000100110010
0000000101000011
0000000101001000
0000000110001011
0000000110110100
0000000111000100
0000000111000110
0000000111010101
0000000111011001
0000000111101001
0000000111101100
0000001000000101
0000001000011111
0000001000110010
0000001000111111
0000001001000000
0000001001000001
0000001001011001
0000001001100111
0000001001110010
0000001010001100
0000001010100101
0000001010101101
0000001011010101
0000001011011011
0000001011011110
0000001011011111
0000001011111000
0000001100001011
0000001100011100
0000001100101110
0000001100111000
0000001101001010
0000001101011000
0000001110101101
0000001110110100
0000001111010011
0000001111011000
0000001111100111
0000001111111110
0000010000010010
0000010001000000
0000010001000101
0000010001001011
0000010001100001
0000010001110010
0000010001110110
0000010001111110
0000010010001100
0000010010010100
0000010010100011
0000010010110100
0000010010110111
0000010010111010
0000010011001011
0000010011011010
0000010101011000
0000010101011010
0000010110001100
0000010110011001
0000010110011100
0000010110011110
0000010110100000
0000010110110011
0000010110111001
0000010111010011
0000010111100010
0000010111100101
0000010111100110
0000010111111001
0000011001010010
0000011001011011
0000011001011100
0000011001100101
0000011001101000
0000011001101010
0000011001111110
0000011010001101
0000011010010011
0000011010100000
0000011011110010
0000011011110101
0000011100111001
0000011100111110
0000011101110110
0110001001110111
0000011101111100
0000011110001000
0000011110110011
0000011111000000
0000011111010100
0000011111100101
0000100000000100
0000100001000100
0000100001111100
0000100010011010
0000100010100001
0000100010110111
0000100010111010
0000100010111100
0000100011011000
0000100011100101
0000100011101101
0000100011110010
0000100011111100
0000100100000001
0000100100000010
0000100100010110
0000100100100110
0000100100110000
0000100100111101
0000100101001000
0000100110011001
0000100110101110
0000100110110011
0000100111000100
0000100111001011
0000100111001111
0000100111100110
0000100111101001
0000100111101101
0000101000000000
0000101001101000
0000101010001111
0000101010010011
0000101010010100
0000101010011000
0000101010011101
0000101010110111
0000101010111111
0000101011000000
0000101011000011
0000101011011110
0000101011100110
0000101011101100
0000101011111111
0000101100000111
0000101100001100
0000101100001110
0000101100010010
0000101100010110
0000101100011101
0000101100101001
0000101100110100
0000101100110101
0000101101100010
0000101101101000
0000101101101111
0000101110001000
0000101110011000
0000101110110000
0000101111000111
0000101111010011
0000101111100001
0000101111101101
0000101111111111
0000110000001001
0000110000100101
0000110000101010
0000110001010011
0000110001101010
0000110001111101
0000110010010010
0000110010100111
0000110010101101
0000110011000011
0000110011000100
0000110011001100
0000110011001110
0000110011011111
0000110011100001
0000110011110110
0000110100010000
0000110100110010
0000110101010001
0000110101010010
0000110101100100
0000110101101111
0000110110000101
0000110110001001
0000110110010000
0000110110011100
0000110111000111
0000110111011101
0000110111100011
