# r14 1000候选 correct=6355 @pos 0
0001100011010011
0000000000000001
0000000000001111
0000000000100011
0000000001000000
0000000010000011
0000000010010000
0000000010100101
0000000010101101
0000000011000110
0000000011001001
0000000011001101
0000000011100101
0000000011100111
0000000011110001
0000000011110101
0000000100011000
0000000100011001
0000000100100000
0000000100101010
0000000100111010
0000000100111100
0000000101010000
0000000110000000
0000000110000011
0000000110010101
0000000111011100
0000000111110001
0000001000110010
0000001000110100
0000001001001001
0000001001010000
0000001001110011
0000001001111000
0000001001111110
0000001010101000
0000001010101011
0000001010111011
0000001011000000
0000001011001001
0000001011101011
0000001100000001
0000001101000000
0000001101011010
0000001101100011
0000001101100110
0000001101110111
0000001110000001
0000001111001000
0000001111001010
0000001111110001
0000010000000000
0000010000000010
0000010000001010
0000010000010110
0000010000100010
0000010000100011
0000010000100110
0000010000101010
0000010000101011
0000010000110101
0000010001000110
0000010001011110
0000010001100110
0000010001101111
0000010001110001
0000010010100000
0000010010100110
0000010010101001
0000010010101110
0000010010111110
0000010011000000
0000010011011000
0000010011011011
0000010011100011
0000010011101011
0000010011101100
0000010011110001
0000010100010010
0000010100110011
0000010100110110
0000010100111001
0000010101001110
0000010101100000
0000010101111000
0000010101111001
0000010110100001
0000010110100101
0000010110110011
0000010111001000
0000010111010100
0000010111110000
0000011000001001
0000011000011011
0000011000110010
0000011010101100
0000011010110000
0000011010111110
0000011011000000
0000011011000111
0000011011100000
0000011011100110
0000011011110010
0000011100000110
0000011100010001
0000011101010000
0000011101010010
0000011101100100
0000011101100110
0000011101100111
0000011101110000
0000011101111011
0000011110000100
0000011110000101
0000011110000111
0000011110010010
0000011110010011
0000011110011010
0000011110100101
0000011111010001
0000011111011111
0000011111101000
0000011111101010
0000100000000011
0000100000001010
0000100000010110
0000100000100010
0000100001001111
0000100001010001
0000100001010010
0000100001101111
0000100010000110
0000100010001100
0000100010010100
0000100010011111
0000100010101000
0000100010111101
0000100011001111
0000100011010010
0000100011011010
0000100011101011
0000100011110100
0000100011111110
0000100100000000
0000100100001010
0000100100010100
0000100100010111
0000100100011001
0000100100011110
0000100100011111
0000100100101111
0000100100110110
0000100100111101
0000100101010010
0000100101011000
0000100101100010
0000100101111101
0000100110001010
0000100110001101
0000100110100010
0000100111001001
0000100111001110
0000100111011101
0000100111100101
0000101000001110
0000101000010100
0000101000011010
0000101000101110
0000101001010010
0000101001011011
0000101001100101
0000101001110110
0000101001111010
0000101010011101
0000101010100101
0000101010101100
0000101011000011
0000101100011100
0000101100011101
0000101100011110
0000101100110011
0000101100111000
0000101101000000
0000101101000110
0000101101001111
0000101101101100
0000101110000100
0000101111011011
0000101111111100
0000110000111000
0000110001011110
0000110001100111
0000110010000001
0000110010011010
0000110010110101
0000110011000010
0000110011011001
0000110011011011
0000110011011101
0000110100000100
0000110100000111
0000110100001101
0000110100001111
0000110100100011
0000110100101101
0000110100111111
0000110101001010
0000110101100001
0000110101100110
0000110101111000
0000110101111001
0000110110001101
0000110110110111
0000110111000101
0000110111000111
0000110111001010
0000110111010010
0000110111110001
0000111000001110
0000111000011100
0000111001010000
0000111001111111
0000111010100101
0000111010111001
0000111011001000
0000111011001001
0000111011111011
0000111100001011
0000111100001111
0000111100010111
0000111100011101
0000111101010101
0000111101011010
0000111101011101
0000111101110101
0000111101111000
0000111110001110
0000111110101010
0000111110111101
0000111111001100
0000111111100000
0000111111100111
0000111111101011
0001000000000100
0001000000011100
0001000001010001
0001000001010110
0001000010010010
0001000010010011
0001000010011111
0001000010101110
0001000011001101
0001000011011001
0001000011011111
0001000011101010
0001000100001101
0001000100100001
0001000100111100
0001000101000010
0001000101001010
0001000101001110
0001000101110101
0001000110010000
0001000110111101
0001000111001010
0001000111110010
0001000111110111
0001001000000000
0001001000001110
0001001000010001
0001001000100010
0001001000101010
0001001000101111
0001001001000101
0001001001001001
0001001001010010
0001001001010101
0001001001011000
0001001001101001
0001001001111010
0001001001111100
0001001010011001
0001001010100010
0001001010101111
0001001010111000
0001001010111010
0001001011000111
0001001011001001
0001001011001011
0001001011100010
0001001011110100
0001001100001100
0001001100010010
0001001100101110
0001001101011110
0001001101101100
0001001110001000
0001001110111000
0001001110111101
0001001111011100
0001001111011110
0001001111111010
0001010000001000
0001010000010100
0001010000010101
0001010000011010
0001010000100110
0001010000101001
0001010000101011
0001010000101111
0001010001000001
0001010001001010
0001010010010110
0001010010110010
0001010010111010
0001010011001001
0001010011100100
0001010101001010
0001010101100010
0001010101111000
0001010110000000
0001010110001000
0001010110011011
0001010110100101
0001010110110100
0001010110110101
0001010110110111
0001010110111000
0001010111111111
0001011000010100
0001011000010111
0001011001000111
0001011001100101
0001011010000011
0001011010111111
0001011011001000
0001011011010010
0001011011010111
0001011011011001
0001011011101001
0001011011101100
0001011011110010
0001011011110101
0001011100010000
0001011100010110
0001011100011110
0001011100100010
0001011100110010
0001011100111001
0001011101010001
0001011101010100
0001011101100001
0001011101101001
0001011110100111
0001011110101110
0001011111001101
0001011111101001
0001011111110101
0001100000001001
0001100000100010
0001100000101001
0001100000111100
0001100001001110
0001100001010101
0001100001010110
0001100001011010
0001100001111001
0001100010000001
0001100010011001
0001100010011010
0001100010011011
0001100010011100
0001100010100000
0001100011001100
0001100011010010
0001100011010100
0001100011011010
0001100011100100
0001100011110100
0001100100001011
0001100100001100
0001100100100001
0001100101001010
0001100101001110
0001100101111000
0001100101111010
0001100101111110
0001100110001011
0001100110001110
0001100110010111
0001100110011100
0001100110100000
0001100110100111
0001100111000101
0001100111001100
0001100111100000
0001100111100001
0001101000000000
0001101000000001
0001101000100000
0001101000100001
0001101000101010
0001101000110010
0001101001100000
0001101001111101
0001101010000010
0001101010100011
0001101010111011
0001101011000000
0001101011000111
0001101011101000
0001101011101001
0001101011101110
0001101011110010
0001101100000101
0001101100001110
0001101100010101
0001101100110100
0001101101000010
0001101101100001
0001101101111001
0001101110011100
0001101110011101
0001101111001110
0001101111011100
0001101111110000
0001110000000100
0001110000011101
0001110000101001
0001110000101010
0001110000110010
0001110000111111
0001110001000011
0001110001010011
0001110001010110
0001110001100001
0001110001101110
0001110001110000
0001110010001001
0001110010010110
0001110010010111
0001110011000010
0001110011000011
0001110011000101
0001110011011100
0001110011101101
0001110011110101
0001110100010100
0001110100011000
0001110100101010
0001110100101100
0001110100110001
0001110100111110
0001110101001101
0001110101010110
0001110101010111
0001110101100001
0001110101101011
0001110101111010
0001110110001000
0001110110010001
0001110110011000
0001110110101010
0001110111000100
0001110111010011
0001110111011000
0001110111011011
0001110111100101
0001110111111011
0001111000000000
0001111000001000
0001111000011100
0001111000111110
0001111001000100
0001111001000111
0001111001011001
0001111001100000
0001111001101011
0001111001110100
0001111001111010
0001111010010010
0001111010010111
0001111010100111
0001111010110001
0001111011101111
0001111100000101
0001111100000111
0001111100010001
0001111100010101
0001111100100010
0001111100101100
0001111100111001
0001111101011001
0001111101011010
0001111101101000
0001111101101100
0001111101110011
0001111101111000
0001111110000000
0001111110000001
0001111110000111
0001111110010000
0001111110011111
0001111110110100
0001111110111001
0001111111000001
0001111111100110
0001111111110010
0001111111111011
0001111111111100
0010000000001001
0010000000011110
0010000000100011
0010000000111010
0010000000111111
0010000001011011
0010000001111000
0010000001111110
0010000010000110
0010000010001011
0010000010011001
0010000010011010
0010000010111010
0010000011000100
0010000011010000
0010000011100000
0010000011100110
0010000100010001
0010000101001111
0010000101011011
0010000110001100
0010000110100101
0010000110111001
0010000111100001
0010000111100101
0010000111101100
0010000111111110
0010001000001001
0010001000001110
0010001000010111
0010001000101000
0010001000111111
0010001001000001
0010001001001000
0010001001100110
0010001001101111
0010001001110000
0010001001111010
0010001001111111
0010001010101000
0010001010111001
0010001011011001
0010001011100110
0010001011110011
0010001100101010
0010001101101000
0010001101110001
0010001101111010
0010001101111100
0010001110110100
0010001110110110
0010001111000011
0010001111011001
0010001111011011
0010001111100000
0010001111110110
0010010000001011
0010010000100001
0010010000111011
0010010001010001
0010010001011010
0010010001100011
0010010001111001
0010010010010001
0010010010011110
0010010010101110
0010010010110101
0010010010111111
0010010011000110
0010010011010001
0010010011100011
0010010011111110
0010010100001010
0010010100101100
0010010100110000
0010010101000111
0010010101100110
0010010110000001
0010010110000100
0010010110000111
0010010110001000
0010010110100111
0010010110101110
0010010110110101
0010010111000001
0010010111010001
0010010111100011
0010010111100101
0010010111110100
0010011000101011
0010011000101100
0010011000110010
0010011000110110
0010011000111001
0010011001011010
0010011010000001
0010011010011100
0010011010100100
0010011010100101
0010011010101111
0010011011000110
0010011011010101
0010011011011011
0010011011100000
0010011011101101
0010011011110011
0010011100001011
0010011100011010
0010011100011011
0010011100011111
0010011100100010
0010011100100111
0010011100110110
0010011101011110
0010011110001001
0010011110001010
0010011110010011
0010011110100000
0010011110100001
0010011110101011
0010011110101111
0010011110110001
0010011111000011
0010011111001010
0010011111010100
0010011111100100
0010011111101111
0010011111110010
0010100000000010
0010100000010001
0010100000011001
0010100000101111
0010100001001000
0010100001101001
0010100001110010
0010100001111101
0010100010001000
0010100010001011
0010100010101000
0010100010101011
0010100011010010
0010100011010100
0010100011011110
0010100011100100
0010100011110001
0010100011110011
0010100011111100
0010100100000111
0010100100110111
0010100100111000
0010100101001000
0010100101010011
0010100101100000
0010100101110001
0010100110000010
0010100110010010
0010100110110000
0010100111001111
0010100111010111
0010100111011100
0010100111011101
0010100111100001
0010100111110000
0010101000000001
0010101000101011
0010101000110010
0010101000111111
0010101001001110
0010101001011001
0010101001100000
0010101010000000
0010101010000001
0010101010000010
0010101010000101
0010101010111001
0010101011011100
0010101011100010
0010101011100100
0010101011100101
0010101100010000
0010101100011101
0010101100101001
0010101100110010
0010101110001000
0010101110010100
0010101110110000
0010101110111000
0010101111010100
0010101111100011
0010101111100101
0010110000011001
0010110000100011
0010110000100100
0010110000100110
0010110000101100
0010110001000100
0010110001101100
0010110010000001
0010110010010100
0010110010010111
0010110010011100
0010110010101101
0010110010101110
0010110010110110
0010110010111111
0010110011101000
0010110011101110
0010110100001110
0010110100010111
0010110100101001
0010110100110000
0010110101000101
0010110101001100
0010110101010111
0010110101101101
0010110101110101
0010110110000011
0010110110001111
0010110110100010
0010110111001001
0010110111001011
0010110111010111
0010110111100010
0010111000001010
0010111000011110
0010111000011111
0010111000101001
0010111000101011
0010111000110001
0010111000110011
0010111001001001
0010111001100011
0010111001100110
0010111001111101
0010111010001001
0010111010110010
0010111010110110
0010111011000010
0010111011011100
0010111011111010
0010111011111011
0010111100000100
0010111100011000
0010111100110010
0010111101001110
0010111101010011
0010111101010100
0010111101110011
0010111101111110
0010111110011010
0010111110100011
0010111110101101
0010111110111001
0010111111000000
0010111111001000
0010111111010101
0010111111010110
0010111111101001
0010111111110011
0010111111111000
0011000000000011
0011000000001010
0011000000010000
0011000000010100
0011000000101010
0011000000111110
0011000000111111
0011000001010000
0011000001011110
0011000010000000
0011000010001000
0011000010011101
0011000010101101
0011000010110100
0011000011000111
0011000011100110
0011000011101001
0011000011111010
0011000011111101
0011000100100111
0011000100111000
0011000101010111
0011000101011110
0011000101101110
0011000110000000
0011000110000101
0011000110010011
0011000110011000
0011000110011001
0011000110101110
0011000111000110
0011000111001100
0011001000001000
0011001000011101
0011001000100111
0011001000111110
0011001001000001
0011001001000011
0011001001000100
0011001010000110
0011001010001111
0011001010101110
0011001010111101
0011001011000000
0011001011001001
0011001011100101
0011001011101101
0011001011110111
0011001011111001
0011001100001001
0011001100010110
0011001100111010
0011001101010010
0011001101010111
0011001101100000
0011001101110110
0011001110000111
0011001110110011
0011001110111000
0011001111101010
0011001111111010
0011010000000100
0011010000001111
0011010000010101
0011010000101110
0011010001000001
0011010001001000
0011010001001101
0011010001110101
0011010010001000
0011010010001100
0011010010010101
0011010010110111
0011010011000001
0011010011000101
0011010011111001
0011010011111110
0011010100000010
0011010100000101
0011010100001011
0011010100011110
0011010100101001
0011010101000111
0011010101001010
0011010101100101
0011010110100100
0011010110101111
0011010111000111
0011010111001110
0011010111010100
0011010111100010
0011010111111010
0011011000001110
0011011000010010
0011011000101000
0011011000101110
0011011001010010
0011011001101000
0011011010000111
0011011010001110
0011011011010000
0011011011010100
0011011011100111
0011011011111101
0011011100000000
0011011100001001
0011011100010010
0011011100111101
0011011101000001
0011011101100001
0011011101100110
0011011101101011
0011011101110000
0011011101110011
0011011101111001
0011011110010001
0011011110010110
0011011110100011
0011011110111011
0011011111010000
0011011111011101
0011011111110001
0011011111111010
0011100000000000
0011100000001001
0011100000010001
0011100000011100
0011100001010010
0011100001100001
0011100010001000
0011100010001011
0011100010001101
0011100010100001
0011100010100010
0011100011100100
0011100011111101
0011100100000100
0011100100011101
0011100101000000
0011100101010110
0011100101100010
0011100101101100
0011100110011110
0011100110100010
0011100110100111
0011100111101011
0011101000001011
0011101000111000
0011101001001001
0011101001001111
0011101001011000
0011101001011001
0011101001101011
0011101001101101
0011101001110111
0011101010000000
0011101010100111
0011101010101001
0011101011100110
0011101011101010
0011101011111011
0011101011111100
0011101100010010
0011101100101111
0011101101000101
0011101101001000
0011101110001100
0011101111000100
0011101111011100
0011101111011110
0011101111110100
0011101111111010
0011110000000111
0011110000001000
0011110000001101
0011110000010111
0011110000011001
0011110000100110
0011110001001100
0011110010001010
0011110010010101
0011110010011010
0011110010100000
0011110010110010
0011110010110101
0011110011000011
0011110011010101
0011110011011111
0011110011100100
0011110011111100
0011110100000110
0011110100100000
0011110101101000
0011110101101001
0011110101110010
0011110101111111
0011110110000101
0011110110100101
0011110110110001
0011110111000100
0011110111010101
0011110111101100
0011110111110111
0011110111111000
0011111000000110
0011111000000111
0011111000001000
0011111000010000
0011111000100000
0011111000100010
0011111001000010
0011111001010101
0011111001011100
0011111001101111
0011111001110011
0011111001110110
0011111001110111
0011111010001011
0011111010011001
0011111010011010
0011111011001110
0011111011011110
0011111011100101
0011111011101110
0011111011110000
0011111011111011
0011111100000110
0011111100101100
0011111101000110
0011111101001010
