# r14 200候选 correct=6355 @pos 100
0000000000000001
0000000000001111
0000000000100011
0000000001000000
0000000010000011
0000000010010000
0000000010100101
0000000010101101
0000000011000110
0000000011001001
0000000011001101
0000000011100101
0000000011100111
0000000011110001
0000000011110101
0000000100011000
0000000100011001
0000000100100000
0000000100101010
0000000100111010
0000000100111100
0000000101010000
0000000110000000
0000000110000011
0000000110010101
0000000111011100
0000000111110001
0000001000110010
0000001000110100
0000001001001001
0000001001010000
0000001001110011
0000001001111000
0000001001111110
0000001010101000
0000001010101011
0000001010111011
0000001011000000
0000001011001001
0000001011101011
0000001100000001
0000001101000000
0000001101011010
0000001101100011
0000001101100110
0000001101110111
0000001110000001
0000001111001000
0000001111001010
0000001111110001
0000010000000000
0000010000000010
0000010000001010
0000010000010110
0000010000100010
0000010000100011
0000010000100110
0000010000101010
0000010000101011
0000010000110101
0000010001000110
0000010001011110
0000010001100110
0000010001101111
0000010001110001
0000010010100000
0000010010100110
0000010010101001
0000010010101110
0000010010111110
0000010011000000
0000010011011000
0000010011011011
0000010011100011
0000010011101011
0000010011101100
0000010011110001
0000010100010010
0000010100110011
0000010100110110
0000010100111001
0000010101001110
0000010101100000
0000010101111000
0000010101111001
0000010110100001
0000010110100101
0000010110110011
0000010111001000
0000010111010100
0000010111110000
0000011000001001
0000011000011011
0000011000110010
0000011010101100
0000011010110000
0000011010111110
0000011011000000
0000011011000111
0000011011100000
0001100011010011
0000011011100110
0000011011110010
0000011100000110
0000011100010001
0000011101010000
0000011101010010
0000011101100100
0000011101100110
0000011101100111
0000011101110000
0000011101111011
0000011110000100
0000011110000101
0000011110000111
0000011110010010
0000011110010011
0000011110011010
0000011110100101
0000011111010001
0000011111011111
0000011111101000
0000011111101010
0000100000000011
0000100000001010
0000100000010110
0000100000100010
0000100001001111
0000100001010001
0000100001010010
0000100001101111
0000100010000110
0000100010001100
0000100010010100
0000100010011111
0000100010101000
0000100010111101
0000100011001111
0000100011010010
0000100011011010
0000100011101011
0000100011110100
0000100011111110
0000100100000000
0000100100001010
0000100100010100
0000100100010111
0000100100011001
0000100100011110
0000100100011111
0000100100101111
0000100100110110
0000100100111101
0000100101010010
0000100101011000
0000100101100010
0000100101111101
0000100110001010
0000100110001101
0000100110100010
0000100111001001
0000100111001110
0000100111011101
0000100111100101
0000101000001110
0000101000010100
0000101000011010
0000101000101110
0000101001010010
0000101001011011
0000101001100101
0000101001110110
0000101001111010
0000101010011101
0000101010100101
0000101010101100
0000101011000011
0000101100011100
0000101100011101
0000101100011110
0000101100110011
0000101100111000
0000101101000000
0000101101000110
0000101101001111
0000101101101100
0000101110000100
0000101111011011
0000101111111100
0000110000111000
0000110001011110
0000110001100111
0000110010000001
0000110010011010
0000110010110101
0000110011000010
0000110011011001
0000110011011011
0000110011011101
0000110100000100
