# r15 1000候选 correct=9650 @pos 0
0010010110110010
0000000000001111
0000000000011000
0000000000100001
0000000001000000
0000000001001111
0000000001100111
0000000010101001
0000000010101101
0000000010110100
0000000011000001
0000000011000011
0000000011010100
0000000011110011
0000000100010100
0000000100101010
0000000100101101
0000000100101111
0000000100111111
0000000101100011
0000000101111011
0000000110001011
0000000110011100
0000000110101100
0000000111000000
0000000111000001
0000000111001000
0000000111001010
0000000111010000
0000000111011000
0000000111011110
0000000111100000
0000000111101001
0000000111110001
0000000111111000
0000001000000101
0000001000001010
0000001000010000
0000001000011001
0000001000111110
0000001000111111
0000001001111011
0000001010000011
0000001010000111
0000001010001001
0000001010010010
0000001011000111
0000001011001001
0000001011011001
0000001011011110
0000001011101001
0000001011110011
0000001011111011
0000001011111111
0000001100000100
0000001100001010
0000001100010010
0000001101010000
0000001101010101
0000001101100011
0000001101100110
0000001101110010
0000001101110111
0000001101111011
0000001110000110
0000001110010001
0000001110110011
0000001110111110
0000001111110011
0000001111111000
0000010000010001
0000010000011011
0000010000100000
0000010001001111
0000010001011011
0000010001011101
0000010001011111
0000010001101101
0000010001110101
0000010001111001
0000010001111011
0000010001111101
0000010010001111
0000010010100111
0000010010111100
0000010011000110
0000010011010000
0000010011010011
0000010100001000
0000010100001101
0000010100010000
0000010100010001
0000010100011110
0000010100101001
0000010100110011
0000010100111101
0000010101010010
0000010101010011
0000010110010001
0000010110100111
0000010110110000
0000010110110100
0000010110111010
0000010111001000
0000010111100011
0000010111100110
0000010111110001
0000011000110001
0000011001000001
0000011010100001
0000011010100010
0000011010100100
0000011010110001
0000011011001111
0000011011011000
0000011011011011
0000011011011110
0000011011110001
0000011011111000
0000011100010010
0000011100100000
0000011100100010
0000011100110000
0000011100111111
0000011101001000
0000011101001010
0000011101001011
0000011101010111
0000011110001011
0000011110011111
0000011110101101
0000011111000110
0000011111001100
0000011111010111
0000011111011100
0000011111011111
0000011111101010
0000011111111011
0000011111111101
0000100000000001
0000100000000111
0000100000001001
0000100000001010
0000100000001111
0000100000011111
0000100000101111
0000100001000000
0000100001001001
0000100010010010
0000100011001011
0000100011110011
0000100100000011
0000100100001001
0000100100110111
0000100101001001
0000100101010100
0000100101100110
0000100101110110
0000100110011110
0000100110100001
0000100110100011
0000100110110011
0000100110111010
0000100111010010
0000100111011100
0000101001001000
0000101001001100
0000101001111111
0000101010000101
0000101010101111
0000101010111110
0000101011001001
0000101011010010
0000101011111101
0000101100001101
0000101100011111
0000101100100100
0000101100110100
0000101100110111
0000101100111001
0000101100111110
0000101110010000
0000101110010100
0000101110011100
0000101110100111
0000101111001101
0000101111100000
0000110000001010
0000110000010111
0000110000011110
0000110000111111
0000110001100001
0000110001101001
0000110001101111
0000110001110000
0000110001110111
0000110010001010
0000110010001111
0000110010011001
0000110010011101
0000110010110010
0000110011000000
0000110011000001
0000110011011001
0000110011100000
0000110011110100
0000110100010011
0000110100101011
0000110100101101
0000110101111011
0000110101111100
0000110110001111
0000110110011010
0000110110110111
0000110111000110
0000110111001100
0000110111010010
0000110111011010
0000110111101011
0000110111110001
0000110111110011
0000110111110111
0000110111111001
0000110111111100
0000110111111101
0000110111111111
0000111000011000
0000111000100011
0000111000100111
0000111000101110
0000111001101110
0000111010011111
0000111011111010
0000111100000011
0000111100010000
0000111100011110
0000111101000101
0000111101101010
0000111110001010
0000111110010011
0000111110110000
0000111110110100
0000111110111110
0000111111000011
0000111111000100
0000111111000110
0000111111001010
0001000000000001
0001000000011110
0001000001110101
0001000001111000
0001000010000001
0001000010111111
0001000011000101
0001000011010001
0001000011010100
0001000011011110
0001000011100001
0001000011100010
0001000011100100
0001000011110010
0001000100010110
0001000100011011
0001000100011100
0001000100100001
0001000100111011
0001000101000100
0001000101011111
0001000101101100
0001000110000101
0001000110001001
0001000110011100
0001000110100010
0001000110101000
0001000110101101
0001000110110101
0001000110111001
0001000111100011
0001001000010111
0001001000011110
0001001001000110
0001001001011010
0001001001011111
0001001001100110
0001001001110011
0001001010001110
0001001010011000
0001001010011001
0001001010110010
0001001010111101
0001001011011000
0001001011110000
0001001100010100
0001001100011101
0001001100100111
0001001101001010
0001001101001110
0001001101100011
0001001110100001
0001001110110111
0001001111000010
0001001111001001
0001001111010000
0001001111100011
0001001111101110
0001001111110010
0001010000010000
0001010000101010
0001010000101100
0001010000110011
0001010001000100
0001010001100000
0001010001100111
0001010001101000
0001010001101100
0001010001110110
0001010001111000
0001010001111001
0001010001111011
0001010010000101
0001010010101100
0001010010101110
0001010010110011
0001010100100011
0001010100111010
0001010101000010
0001010101001101
0001010101001111
0001010101011111
0001010101111011
0001010111000010
0001010111110000
0001010111111011
0001011000000001
0001011000001100
0001011000101011
0001011000111101
0001011001001110
0001011001010000
0001011001010011
0001011001010111
0001011001100111
0001011001101010
0001011001110011
0001011001110101
0001011001111001
0001011001111100
0001011011001100
0001011011010001
0001011011011000
0001011011100100
0001011100010110
0001011100011000
0001011100101001
0001011100111001
0001011101001001
0001011101001100
0001011101100011
0001011101100101
0001011101100110
0001011101101101
0001011101111000
0001011110010010
0001011110010011
0001011110110100
0001011110110101
0001011111100010
0001011111111111
0001100000100000
0001100000101001
0001100000101101
0001100000110111
0001100001000011
0001100001111011
0001100010001100
0001100010100001
0001100010100110
0001100010110101
0001100011000111
0001100011001011
0001100011010100
0001100011011011
0001100011011101
0001100011110001
0001100011111101
0001100100000011
0001100100001001
0001100100010001
0001100100011010
0001100100100000
0001100100110000
0001100100110100
0001100101001001
0001100101001010
0001100101101001
0001100101110001
0001100101110110
0001100101111110
0001100101111111
0001100110001100
0001100110010001
0001100111001000
0001101000010101
0001101000111101
0001101001010100
0001101001110110
0001101010000000
0001101010000111
0001101010111011
0001101010111110
0001101011001111
0001101011011000
0001101100010011
0001101100011110
0001101100101110
0001101100101111
0001101100110100
0001101100110101
0001101101000001
0001101101101101
0001101110000001
0001101110001110
0001101110011010
0001101111100100
0001101111111000
0001110000001101
0001110000010100
0001110000010101
0001110000011101
0001110001001000
0001110001101011
0001110001111110
0001110010000100
0001110010000111
0001110010010100
0001110010011101
0001110010100101
0001110010101001
0001110010101101
0001110010111011
0001110010111101
0001110011001111
0001110011010101
0001110100010010
0001110100011000
0001110100100000
0001110101011010
0001110101111010
0001110110100011
0001110110111010
0001110111000011
0001110111000111
0001110111011011
0001110111100100
0001110111100110
0001110111110000
0001110111110100
0001110111111000
0001111000011001
0001111000110001
0001111000111010
0001111001000100
0001111001011010
0001111001111010
0001111001111110
0001111001111111
0001111010010111
0001111010100011
0001111010101010
0001111010111101
0001111011001000
0001111011001010
0001111011001110
0001111011011001
0001111011011011
0001111100000111
0001111100010100
0001111100100101
0001111100110101
0001111100111000
0001111101010111
0001111101100101
0001111101111000
0001111101111111
0001111110000010
0001111110010111
0001111110101110
0001111110110101
0001111111000001
0001111111001110
0001111111100111
0001111111111000
0010000000011100
0010000000100101
0010000000110011
0010000001000001
0010000001010010
0010000001100001
0010000001101100
0010000001101110
0010000001110110
0010000001111101
0010000010000101
0010000010100110
0010000010110001
0010000011000111
0010000011010011
0010000011010111
0010000011111100
0010000100000000
0010000100001000
0010000100001110
0010000100001111
0010000100100100
0010000100110001
0010000100111010
0010000100111110
0010000101000001
0010000101001001
0010000101011001
0010000101100111
0010000101110101
0010000110001000
0010000110001011
0010000110110011
0010000111010000
0010000111100011
0010000111111011
0010000111111110
0010001000001011
0010001000100100
0010001001101111
0010001010010011
0010001011010110
0010001011011001
0010001011011111
0010001011100110
0010001011101101
0010001011110001
0010001011111110
0010001100000001
0010001100001100
0010001100100010
0010001100100110
0010001100110000
0010001101001010
0010001101100110
0010001101101010
0010001101101110
0010001101110001
0010001101110010
0010001101111001
0010001110001100
0010001110010010
0010001110010011
0010001110100110
0010001111100000
0010001111101000
0010001111101011
0010001111110010
0010001111111100
0010010000100010
0010010001011001
0010010001011110
0010010001100010
0010010010000000
0010010010001011
0010010010010100
0010010010011011
0010010010011100
0010010010101111
0010010011011101
0010010100000111
0010010100101010
0010010100111001
0010010101011100
0010010101110001
0010010101110111
0010010101111101
0010010110000001
0010010110010100
0010010110010110
0010010110100000
0010010111000001
0010010111000101
0010010111001000
0010010111010110
0010010111101011
0010010111101101
0010010111110100
0010011000001111
0010011000010010
0010011000100100
0010011000100111
0010011001011000
0010011001101001
0010011001110001
0010011001110101
0010011010101011
0010011010110011
0010011011000110
0010011011010000
0010011011101110
0010011011101111
0010011011111001
0010011100001010
0010011100101000
0010011100110100
0010011101010001
0010011101010010
0010011101111000
0010011110001001
0010011110100010
0010011110100101
0010011110101110
0010011111010111
0010011111110110
0010100000011111
0010100000101100
0010100001011010
0010100001110111
0010100010001100
0010100011001011
0010100011100010
0010100011100101
0010100011100110
0010100011101001
0010100011110011
0010100100000111
0010100100010100
0010100100010101
0010100100011001
0010100100111011
0010100101001111
0010100101011111
0010100101100011
0010100101100101
0010100101101101
0010100101110100
0010100110000100
0010100110011000
0010100111001011
0010100111100010
0010100111100110
0010100111101110
0010100111110001
0010100111111100
0010101000000001
0010101000100100
0010101000100110
0010101001001101
0010101001001110
0010101001011010
0010101001011110
0010101001100010
0010101001101100
0010101001111010
0010101010101010
0010101011000000
0010101011000111
0010101011010001
0010101011011110
0010101011101010
0010101011110100
0010101011111011
0010101100110100
0010101100110111
0010101101010101
0010101101011000
0010101101100111
0010101101101110
0010101101110111
0010101110000011
0010101110010010
0010101110011011
0010101110110001
0010101111010010
0010101111010011
0010101111011101
0010101111110011
0010110000000111
0010110000001010
0010110000001100
0010110000011000
0010110000101111
0010110000111000
0010110001000011
0010110001100011
0010110001101000
0010110001110001
0010110001111111
0010110010000011
0010110010000100
0010110010011101
0010110010111010
0010110011000100
0010110011010000
0010110011100010
0010110100001111
0010110100100001
0010110100101000
0010110100111010
0010110101000110
0010110101001101
0010110101010101
0010110101010111
0010110101101100
0010110101111100
0010110110001110
0010110110100000
0010110111001011
0010110111011100
0010110111011101
0010110111110000
0010110111111001
0010111000011000
0010111000011001
0010111000011101
0010111000101000
0010111001000100
0010111001101100
0010111010001011
0010111011010011
0010111011100011
0010111011101001
0010111100010110
0010111100111000
0010111101001001
0010111101010111
0010111101011110
0010111101100100
0010111110100110
0010111110101011
0010111110111001
0010111111100110
0010111111101000
0010111111110000
0010111111111011
0011000000001000
0011000000010011
0011000000010111
0011000000011101
0011000000100000
0011000000100111
0011000000101101
0011000000111110
0011000001000010
0011000001001011
0011000001101001
0011000010000010
0011000010011110
0011000010101110
0011000010110000
0011000011001001
0011000011001110
0011000011101111
0011000100010101
0011000100100010
0011000100110010
0011000101001011
0011000101011010
0011000101100111
0011000101111100
0011000110101100
0011000110110101
0011000111000000
0011000111010001
0011001000100101
0011001000101111
0011001001011101
0011001001100000
0011001001111000
0011001010000001
0011001010000010
0011001010011010
0011001010100011
0011001010111110
0011001011001000
0011001011011011
0011001011101111
0011001011110011
0011001011111010
0011001011111111
0011001100001001
0011001100001110
0011001100100101
0011001100101010
0011001100111101
0011001101011000
0011001101011100
0011001101101010
0011001101110011
0011001110001000
0011001110011111
0011001111001001
0011001111001010
0011001111010101
0011001111011101
0011001111100001
0011001111101001
0011001111110110
0011010000010111
0011010000011101
0011010000011111
0011010000101111
0011010000110101
0011010001000011
0011010001001100
0011010001011001
0011010001011110
0011010001111000
0011010010001010
0011010010100011
0011010010100110
0011010010101111
0011010010111010
0011010011010001
0011010011011101
0011010011011111
0011010011110001
0011010100000000
0011010100001000
0011010100001010
0011010100001011
0011010100010001
0011010100010111
0011010100111111
0011010101000111
0011010101011001
0011010101011101
0011010110010000
0011010110011101
0011010110100000
0011010111000011
0011010111000110
0011010111001011
0011010111001101
0011010111100100
0011010111101110
0011010111110010
0011011000000000
0011011000001011
0011011000101110
0011011000110011
0011011000110101
0011011000110110
0011011001000011
0011011001011101
0011011001011111
0011011010001101
0011011010011111
0011011010101000
0011011010110000
0011011010110100
0011011010110101
0011011011001100
0011011011001110
0011011011010010
0011011011100010
0011011011101001
0011011011110101
0011011011111010
0011011100001000
0011011100110100
0011011100110111
0011011101000111
0011011101001011
0011011101011001
0011011101110111
0011011110001011
0011011110011000
0011011110100011
0011011110101011
0011011110110100
0011011111000010
0011011111000101
0011011111100111
0011011111110101
0011100000000000
0011100000111101
0011100001011110
0011100010001000
0011100010001011
0011100010001111
0011100010010011
0011100010010110
0011100010100010
0011100010101010
0011100010101011
0011100010101110
0011100010110100
0011100011000111
0011100011001100
0011100011011001
0011100011011110
0011100011011111
0011100011100100
0011100011111111
0011100100100001
0011100100100101
0011100100100110
0011100100110110
0011100101000000
0011100101001111
0011100101010100
0011100101110100
0011100110011001
0011100110101101
0011100110110010
0011100110110111
0011100110111110
0011100110111111
0011100111000011
0011100111010110
0011100111011111
0011100111101000
0011100111110111
0011100111111001
0011101000001100
0011101000110001
0011101001010111
0011101001101000
0011101001110001
0011101001110101
0011101001110110
0011101010000001
0011101010010101
0011101010101110
0011101010110010
0011101010111111
0011101011100010
0011101011111111
0011101100000010
0011101100101000
0011101101000001
0011101101011001
0011101101100011
0011101101110011
0011101101111111
0011101110010010
0011101110010111
0011101110011010
0011101111001111
0011110000000000
0011110000001101
0011110000100011
0011110001000001
0011110001000100
0011110001110010
0011110001111001
0011110010010000
0011110010110111
0011110011000010
0011110011000011
0011110011110111
0011110011111101
0011110100000001
0011110100001100
0011110100010011
0011110100010111
0011110100111011
0011110101110110
0011110110000001
0011110110100000
0011110110110101
0011110110111010
0011110111000001
0011110111000101
0011110111001100
0011110111010110
0011110111110010
0011111000010000
0011111000010101
0011111000100001
0011111000101101
0011111001010001
0011111001111111
0011111010000010
0011111010010010
0011111010011001
0011111010011100
0011111010100001
0011111011001110
0011111011010110
0011111011100000
0011111011111100
0011111100001010
0011111100010101
0011111100101000
0011111100110100
0011111101000111
0011111111000001
0011111111110010
0100000000011111
0100000000100100
0100000000100111
0100000000110010
0100000000110011
0100000000111110
0100000001001010
