# r15 200候选 correct=9650 @pos 50
0000000000001111
0000000000011000
0000000000100001
0000000001000000
0000000001001111
0000000001100111
0000000010101001
0000000010101101
0000000010110100
0000000011000001
0000000011000011
0000000011010100
0000000011110011
0000000100010100
0000000100101010
0000000100101101
0000000100101111
0000000100111111
0000000101100011
0000000101111011
0000000110001011
0000000110011100
0000000110101100
0000000111000000
0000000111000001
0000000111001000
0000000111001010
0000000111010000
0000000111011000
0000000111011110
0000000111100000
0000000111101001
0000000111110001
0000000111111000
0000001000000101
0000001000001010
0000001000010000
0000001000011001
0000001000111110
0000001000111111
0000001001111011
0000001010000011
0000001010000111
0000001010001001
0000001010010010
0000001011000111
0000001011001001
0000001011011001
0000001011011110
0000001011101001
1000000001111101
1000001010110101
0111110110010101
0010111011011100
0101001110111111
1101111011010010
0111001110100100
1001100011011011
0101011011100000
0010010010011100
0111101011101011
0101101111001101
0010000010011110
1001000101111000
1101111010001101
0110010011111110
1110100011000001
0110100111100110
0111000010011100
1111010111001010
1000111110100000
1001011111101010
1000011110101111
1101111011111000
1101000011000100
0010110010101011
1001101011100011
1001000101110100
0010010111100110
0100101001111010
0010111111100010
0001111011000000
0111011111111101
1101011111101111
1010111111000100
0001101101111000
0101111010000001
0110000001101100
0010010011111101
1010001110110111
0010011010101010
0111111011101011
0011101110010110
1100111111101100
0010000011011011
0110011011011001
1110110110000001
1011111110111001
1000111011010101
0001101010101011
1110000010001111
1000001111011101
0101110010111100
0111001010010000
0100100010100100
1101101011111001
0100001001111101
1111000111100111
1000000111011101
0111100110110011
1110011101110100
0110101110001100
1100010111010110
1110000111011100
0011010011011110
1111001011111100
1110011110111100
1010011110001000
0010100101110010
0100010111011111
1011111010010010
0111101010001000
0100001110001010
1101101011110001
1101101001110011
1100001011100011
0110000111001011
0101011111100110
0111000111011010
0111111101110110
1000111111111000
0110000011001001
1000101111011011
0111110010111001
1011010111111100
0010001011110000
0110100011100110
1111100010100111
1001100011111011
1101101010100110
1110010001110010
1011001011000001
1110100011110011
0101111010011110
1101110010010010
0011111110110111
0101100011001001
1001111110111001
1100111111010110
0010000110110000
0111001110001111
0010101111110010
0011100010001000
1100000010010001
1100101101111011
1101000111000110
1111011110010001
1100111010100000
0011010011101100
1011101011110110
1101001011011010
0001101001111001
1000010111010011
0011101010000101
1111001011011101
1001110110000110
1101110010100100
1110000011101000
1010011010000100
0101001011011111
0111101010000001
1100110110110010
0010101110001001
0100011011111110
1100111010000000
1101011011110000
1111111010100111
0110101011000101
1110110111001010
1001010011111000
1010001110011101
1001100111001011
1100010111011010
1101010110011110
1111010011101011
1001010010101111
0010100110111111
1110110011110010
1010111011110011
1101010111010010
1011011110101101
1111110111000000
1000110110110011
1110001011000011
0011110101101101
1001101111101010
0101100010011100
1110101011010100
1111111111010010
1010100010111100
