# r16 200候选 correct=42204 @pos 45
0000000001100100
0000000001101110
0000000010001110
0000000010101110
0000000011001011
0000000011111110
0000000100101101
0000000100111011
0000000101101011
0000000101111101
0000000101111111
0000000110010100
0000000111000100
0000000111010110
0000000111100000
0000000111111011
0000001000001111
0000001000010000
0000001000011000
0000001001111010
0000001010000000
0000001010001011
0000001010100101
0000001010100111
0000001010111010
0000001010111011
0000001011010100
0000001011011101
0000001011100101
0000001011111000
0000001100000100
0000001100101011
0000001100110100
0000001101001010
0000001101011001
0000001101110001
0000001101110010
0000001101111101
0000001110010101
0000001110110001
0000001110110111
0000001111000101
0000001111010010
0000001111110111
0000010000000011
1010010011011100
0000010000101100
0000010000111000
0000010001000010
0000010001011101
0000010001101001
0000010010010011
0000010010100011
0000010010110011
0000010010111011
0000010010111111
0000010011001100
0000010011010010
0000010011011110
0000010011101111
0000010100010100
0000010100010110
0000010100100000
0000010100101111
0000010100111100
0000010101000010
0000010101101010
0000010101110100
0000010101110110
0000010110000001
0000010110101011
0000010110110100
0000010110111111
0000010111000111
0000010111001001
0000010111001011
0000010111010001
0000010111011111
0000010111100001
0000010111101001
0000010111111101
0000011000001101
0000011000010100
0000011000011001
0000011000101011
0000011000111111
0000011001011000
0000011001101111
0000011010000010
0000011010100000
0000011010101011
0000011010110010
0000011010110011
0000011011001100
0000011011100010
0000011011101101
0000011011110010
0000011011111100
0000011100001100
0000011100011100
0000011100101010
0000011100111111
0000011101001011
0000011101010100
0000011101101110
0000011101110000
0000011101110111
0000011110010111
0000011110011111
0000011110100111
0000011110110000
0000011111000000
0000011111110001
0000011111111001
0000011111111010
0000100000001101
0000100000001111
0000100000100011
0000100000101011
0000100000110111
0000100000111111
0000100001001101
0000100001011001
0000100001101001
0000100010010010
0000100010100011
0000100010110001
0000100011010101
0000100011011010
0000100011101000
0000100011110010
0000100011110101
0000100100000111
0000100100100001
0000100101001010
0000100101001100
0000100101110101
0000100110001100
0000100110011001
0000100110100011
0000100110100101
0000100110111101
0000100111111010
0000101000111000
0000101001000101
0000101001011101
0000101010000101
0000101010001000
0000101010010000
0000101010010001
0000101010010011
0000101010011100
0000101010100100
0000101010101101
0000101010111010
0000101011000101
0000101011000111
0000101011001000
0000101011010101
0000101011101001
0000101100000010
0000101100001011
0000101100100001
0000101100100011
0000101100110110
0000101101101111
0000101101110100
0000101101110101
0000101110000101
0000101110001010
0000101110111111
0000101111010011
0000101111011010
0000101111110001
0000101111111100
0000101111111101
0000110000000101
0000110000010001
0000110000100000
0000110000101011
0000110000101110
0000110000111101
0000110001000111
0000110001010011
0000110001100000
0000110001101011
0000110001111010
0000110001111100
0000110010001111
0000110011000010
0000110011101101
0000110100000011
0000110100101000
0000110101000100
0000110101001000
0000110101011001
0000110101110011
0000110110000110
0000110110111000
0000110110111111
