0100001010000011
0100001010000111
0100001010001101
0100001010001111
0100001010100011
0100001010100111
0100001010101111
0100001010110000
0100001010110010
0100001010110011
0100001010110100
0100001010110110
0100001010110111
0100001010111010
0100001010111011
0100001010111100
0100001010111101
0100001010111110
0100001010111111
0100001011100011
0100001011100101
0100001011100111
0100001011101001
0100001011101011
0100001011101101
0100001011101111
0100001011110010
0100001011110011
0100001011110100
0100001011110101
0100001011110110
0100001011110111
0100001011111000
0100001011111001
0100001011111010
0100001011111011
0100001011111100
0100001011111101
0100001100001011
0100001100001101
0100001100001111
0100001100101000
0100001100101001
0100001100101011
0100001100111010
0100001100111100
0100001101101000
0100001101101001
0100001101101010
0100001101101011
0100001101101100
0100001101101101
0100001101111000
0100001101111001
0100001101111010
0100001101111011
0100001101111100
0100001101111101
0100001110000101
0100001110000110
0100001110000111
0100001110001010
0100001110001100
0100001110001110
0100001110001111
0100001110010010
0100001110010101
0100001110010110
0100001110010111
0100001110011010
0100001110011100
0100001110011110
0100001110011111
0100001110100010
0100001110100011
0100001110100100
0100001110100101
0100001110100110
0100001110100111
0100001110101000
0100001110101001
0100001110101010
0100001110101011
0100001110101100
0100001110101101
0100001110110000
0100001110110010
0100001110110101
0100001110110110
0100001110110111
0100001110111010
0100001110111100
0100001111000011
0100001111000100
0100001111000101
0100001111000110
0100001111000111
0100001111001000
0100001111001001
0100001111001010
0100001111001011
0100001111001100
0100001111001101
0100001111001110
0100001111001111
0100001111100000
0100001111100010
0100001111100011
0100001111100100
0100001111100101
0100001111100110
0100001111100111
0100001111101000
0100001111101001
0100001111101010
0100001111101011
0100001111101100
0100001111101101
0100001111110000
0100001111110010
0100001111110011
0100001111110100
0100001111110110
0100001111110111
0100010010000111
0100010010001111
0100010010010110
0100010010010111
0100010010011100
0100010010011110
0100010010011111
0100010010100111
0100010010101111
0100010010110110
0100010010110111
0100010010111100
0100010010111110
0100010010111111
0100010011000111
0100010011001101
0100010011001111
0100010011100101
0100010011100111
0100010011101101
0100010011101111
0100010011110100
0100010011110110
0100010011110111
0100010011111100
0100010100001100
0100010100001101
0100010100001110
0100010100001111
0100010100101100
0100010100101111
0100010100111100
0100010100111110
0100010101101100
0100010101101110
0100010101101111
0100010101111100
0100010101111110
0100010110000011
0100010110000101
0100010110000110
0100010110000111
0100010110001010
0100010110001100
0100010110001101
0100010110001110
0100010110001111
0100010110010010
0100010110010011
0100010110010100
0100010110010110
0100010110010111
0100010110011001
0100010110011010
0100010110011101
0100010110011110
0100010110011111
0100010110100011
0100010110100100
0100010110100110
0100010110100111
0100010110101000
0100010110101110
0100010110101111
0100010110110000
0100010110110010
0100010110110011
0100010110110100
0100010110110110
0100010110110111
0100010110111010
0100010110111011
0100010110111100
0100010110111101
0100010110111110
0100010110111111
0100010111000010
0100010111000011
0100010111000100
0100010111000110
0100010111000111
0100010111001000
0100010111001001
0100010111001010
0100010111001011
0100010111001100
0100010111001101
0100010111001110
0100010111001111
0100010111100000
0100010111100010
0100010111100011
0100010111100100
0100010111100101
0100010111100110
0100010111100111
0100010111101000
0100010111101001
0100010111101010
0100010111101100
0100010111101101
0100010111101110
0100010111101111
0100010111110000
0100010111110010
0100010111110011
0100010111110100
0100010111110110
0100010111110111
0100010111111000
0100010111111001
0100010111111010
0100010111111011
0100011010000011
0100011010000101
0100011010000111
0100011010001101
0100011010001111
0100011010100011
0100011010100111
0100011010101111
0100011010110000
0100011010110010
0100011010110011
0100011010110100
0100011010110110
0100011010111010
0100011010111011
0100011010111100
0100011010111101
0100011010111110
0100011010111111
0100011011100011
0100011011100101
0100011011100111
0100011011101001
0100011011101011
0100011011101101
0100011011101111
0100011011110000
0100011011110010
0100011011110011
0100011011110100
0100011011110101
0100011011110110
0100011011110111
0100011011111000
0100011011111001
0100011011111010
0100011011111100
0100011011111101
0100011100001001
0100011100001010
0100011100001100
0100011100001101
0100011100001110
0100011100001111
0100011100101000
0100011100101010
0100011100101011
0100011100101100
0100011100101101
0100011100111001
0100011100111010
0100011100111011
0100011100111100
0100011100111101
0100011101101000
0100011101101001
0100011101101011
0100011101101100
0100011101101101
0100011101111000
0100011101111001
0100011101111010
0100011101111011
0100011101111100
0100011101111101
0100011110000101
0100011110000110
0100011110000111
0100011110001010
0100011110001100
0100011110001101
0100011110001110
0100011110001111
0100011110010011
0100011110010100
0100011110010110
0100011110010111
0100011110011001
0100011110011010
0100011110011100
0100011110011101
0100011110011110
0100011110011111
0100011110100010
0100011110100011
0100011110100100
0100011110100110
0100011110100111
0100011110101000
0100011110101011
0100011110101100
0100011110110010
0100011110110011
0100011110110100
0100011110110101
0100011110110110
0100011110110111
0100011110111010
0100011110111011
0100011110111100
0100011110111101
0100011111000010
0100011111000011
0100011111000100
0100011111000101
0100011111000110
0100011111000111
0100011111001000
0100011111001001
0100011111001010
0100011111001011
0100011111001100
0100011111001101
0100011111001110
0100011111001111
0100011111100000
0100011111100011
0100011111100100
0100011111100110
0100011111100111
0100011111101000
0100011111101011
0100011111101100
0100011111101101
0100100010000111
0100100010001111
0100100010100011
0100100010100111
0100100010101111
0100100011000111
0100100011001101
0100100011001111
0100100011100011
0100100011100101
0100100011100111
0100100011101101
0100100011101111
0100100011110010
0100100011110011
0100100011110100
0100100011110110
0100100011110111
0100100011111000
0100100011111010
0100100011111100
0100100100000011
0100100100000110
0100100100000111
0100100100001100
0100100100001110
0100100100001111
0100100100101100
0100100100101111
0100100100110110
0100100100111100
0100100100111110
0100100101100000
0100100101100011
0100100101100100
0100100101100110
0100100101101100
0100100101110010
0100100101110011
0100100101110100
0100100101110111
0100100101111001
0100100101111010
0100100101111100
0100100101111101
0100100101111110
0100100110010110
0100100110010111
0100100110011010
0100100110011100
0100100110011110
0100100110011111
0100100110100010
0100100110100110
0100100110100111
0100100110101100
0100100110101110
0100100110101111
0100100111000010
0100100111000011
0100100111000100
0100100111000101
0100100111000110
0100100111000111
0100100111001010
0100100111001100
0100100111001101
0100100111001110
0100100111001111
0100100111100000
0100100111100010
0100100111100011
0100100111100100
0100100111100110
0100100111100111
0100100111101100
0100100111101101
0100100111101110
0100100111101111
0100100111110000
0100100111110010
0100100111110011
0100100111110100
0100100111110110
0100100111110111
0100101000000011
0100101000000111
0100101000001011
0100101000001101
0100101000001111
0100101000100111
0100101000101111
0100101000110000
0100101000110010
0100101000110100
0100101000111000
0100101000111001
0100101000111010
0100101000111100
0100101000111110
0100101010000011
0100101010000111
0100101010110000
0100101010111100
0100101010111110
0100101010111111
0100101011100011
0100101011100111
0100101011101111
0100101011110000
0100101011110010
0100101011110011
0100101011110100
0100101011110110
0100101011110111
0100101011111000
0100101011111001
0100101011111010
0100101011111011
0100101011111100
0100101011111101
0100101100000011
0100101100000101
0100101100000110
0100101100000111
0100101100001011
0100101100001100
0100101100001101
0100101100001110
0100101100100010
0100101100100011
0100101100100110
0100101100100111
0100101100101100
0100101100110000
0100101100110010
0100101100110110
0100101100110111
0100101101100000
0100101101100010
0100101101100011
0100101101100110
0100101101100111
0100101101101100
0100101101110010
0100101101110011
0100101101110110
0100101101110111
0100101101111011
0100101101111100
0100101101111101
0100101110100010
0100101110100011
0100101110100110
0100101110100111
0100101110101100
0100101110110000
0100101110110010
0100101110110110
0100101110110111
0100101110111010
0100101110111100
0100101111000010
0100101111000101
0100101111000110
0100101111000111
0100101111001010
0100101111001011
0100101111001100
0100101111001101
0100101111001110
0100101111001111
0100101111100000
0100101111100010
0100101111100011
0100101111100101
0100101111100110
0100101111100111
0100101111101010
0100101111101011
0100101111101100
0100101111101101
0100101111110010
0100101111110011
0100101111110110
0100101111110111
0100110000000111
0100110000001101
0100110000001111
0100110000100101
0100110000100111
0100110000101101
0100110000101111
0100110000110100
0100110000110110
0100110000110111
0100110000111100
0100110000111110
0100110000111111
0100110001100101
0100110001100111
0100110001101101
0100110001101111
0100110001110100
0100110001110101
0100110001110110
0100110001110111
0100110001111100
0100110001111101
0100110001111110
0100110010000111
0100110010001101
0100110010010110
0100110010011010
0100110010011100
0100110010011101
0100110010011110
0100110010011111
0100110010100011
0100110010100111
0100110010111100
0100110010111101
0100110010111110
0100110010111111
0100110011001011
0100110011001101
0100110011001111
0100110011100011
0100110011100101
0100110011100111
0100110011101001
0100110011101011
0100110011101101
0100110011101111
0100110011110010
0100110011110100
0100110011110110
0100110011110111
0100110011111000
0100110011111001
0100110011111010
0100110011111011
0100110011111100
0100110100000011
0100110100000101
0100110100000110
0100110100000111
0100110100001001
0100110100001010
0100110100001011
0100110100001100
0100110100001101
0100110100001110
0100110100001111
0100110100100010
0100110100100011
0100110100100100
0100110100100110
0100110100100111
0100110100101000
0100110100101100
0100110100101110
0100110100110000
0100110100110010
0100110100110111
0100110100111010
0100110100111100
0100110101100000
0100110101100010
0100110101100011
0100110101100100
0100110101100110
0100110101100111
0100110101101000
0100110101101100
0100110101101110
0100110101101111
0100110101110000
0100110101110010
0100110101110011
0100110101110100
0100110101110110
0100110101110111
0100110101111000
0100110101111001
0100110101111011
0100110101111100
0100110101111101
0100110101111110
0100110110000101
0100110110000110
0100110110000111
0100110110001010
0100110110001100
0100110110001110
0100110110001111
0100110110010010
0100110110010110
0100110110010111
0100110110011010
0100110110011100
0100110110011110
0100110110011111
0100110110100010
0100110110100011
0100110110100100
0100110110101100
0100110110101110
0100110110101111
0100110110111100
0100110110111110
0100110111000010
0100110111000011
0100110111000110
0100110111000111
0100110111001000
0100110111001001
0100110111001011
0100110111001100
0100110111001101
0100110111001110
0100110111001111
0100110111100000
0100110111100010
0100110111100101
0100110111100110
0100110111100111
0100110111101000
0100110111101001
0100110111101010
0100110111101011
0100110111101100
0100110111101101
0100110111101110
0100110111101111
0100110111110000
0100110111110011
0100110111110100
0100110111110110
0100110111110111
0100110111111000
0100110111111001
0100110111111010
0100110111111011
0100111000000011
0100111000000101
0100111000000111
0100111000001001
0100111000001101
0100111000001111
0100111000100011
0100111000100101
0100111000100111
0100111000101001
0100111000101011
0100111000101101
0100111000101111
0100111000110000
0100111000110010
0100111000110011
0100111000110100
0100111000110101
0100111000110110
0100111000111000
0100111000111001
0100111000111010
0100111000111011
0100111000111100
0100111000111101
0100111000111110
0100111010000011
0100111010000101
0100111010000111
0100111010001101
0100111010001111
0100111010100011
0100111010101111
0100111010110000
0100111010110010
0100111010110011
0100111010110100
0100111010110110
0100111010111010
0100111010111011
0100111010111100
0100111010111101
0100111010111110
0100111011100111
0100111011101001
0100111011101011
0100111011101101
0100111011101111
0100111011110000
0100111011110010
0100111011110110
0100111011110111
0100111011111000
0100111011111001
0100111011111010
0100111011111011
0100111011111100
0100111100000011
0100111100000101
0100111100000110
0100111100000111
0100111100001001
0100111100001010
0100111100001011
0100111100001100
0100111100001101
0100111100001110
0100111100001111
0100111100100010
0100111100100011
0100111100100100
0100111100100110
0100111100100111
0100111100101000
0100111100101011
0100111100101100
0100111100101101
0100111100110000
0100111100110010
0100111100110011
0100111100110100
0100111100110110
0100111100110111
0100111100111001
0100111100111010
0100111100111011
0100111100111100
0100111101100000
0100111101100010
0100111101100011
0100111101100100
0100111101100101
0100111101100110
0100111101100111
0100111101101000
0100111101101001
0100111101101010
0100111101101011
0100111101101100
0100111101110000
0100111101110010
0100111101110011
0100111101110100
0100111101110110
0100111101110111
0100111101111000
0100111101111001
0100111101111010
0100111101111011
0100111110000011
0100111110000101
0100111110000110
0100111110000111
0100111110001010
0100111110001100
0100111110001101
0100111110001110
0100111110001111
0100111110010010
0100111110010011
0100111110010100
0100111110010110
0100111110010111
0100111110011001
0100111110011100
0100111110011110
0100111110100010
0100111110100011
0100111110100100
0100111110100110
0100111110101000
0100111110101011
0100111110101100
0100111110101101
0100111110110010
0100111110110011
0100111110110100
0100111110110110
0100111110110111
0100111110111010
0100111110111011
0100111110111100
0100111111000010
0100111111000011
0100111111000100
0100111111000110
0100111111001011
0100111111001100
0100111111001110
0101000010000110
0101000010000111
0101000010001100
0101000010001101
0101000010001110
0101000010001111
0101000010010110
0101000010010111
0101000010011010
0101000010011100
0101000010011101
0101000010011110
0101000010011111
0101000010100011
0101000010100110
0101000010100111
0101000010101100
0101000010101110
0101000010110010
0101000010110011
0101000010110100
0101000010110110
0101000010110111
0101000010111000
0101000010111001
0101000010111010
0101000010111100
0101000010111101
0101000010111110
0101000010111111
0101000011000110
0101000011000111
0101000011001010
0101000011001100
0101000011001101
0101000011001110
0101000011001111
0101000011100010
0101000011100011
0101000011100100
0101000011100101
0101000011100110
0101000011100111
0101000011101000
0101000011101001
0101000011101010
0101000011101100
0101000011101101
0101000011101110
0101000011101111
0101000011110010
0101000011110011
0101000011110100
0101000011110110
0101000011110111
0101000011111000
0101000011111001
0101000011111100
0101001010000011
0101001010000110
0101001010000111
0101001010001100
0101001010001110
0101001010111000
0101001010111100
0101001010111110
0101001010111111
0101001011100000
0101001011100010
0101001011100011
0101001011100100
0101001011100110
0101001011100111
0101001011101000
0101001011101100
0101001011101110
0101001011101111
0101001011110000
0101001011110010
0101001011110011
0101001011110100
0101001011110110
0101001011110111
0101001011111001
0101001011111010
0101001011111011
0101001011111100
0101001100001001
0101001100001010
0101001100001011
0101001100001100
0101001100101000
0101001100111000
0101001100111001
0101001100111010
0101001100111011
0101001101101000
0101001101101100
0101001101111000
0101001101111001
0101001101111010
0101001101111011
0101001101111100
0101001110000011
0101001110000101
0101001110000110
0101001110000111
0101001110001001
0101001110001010
0101001110001011
0101001110001100
0101001110001101
0101001110001110
0101001110001111
0101001110010010
0101001110010011
0101001110010100
0101001110010110
0101001110010111
0101001110011000
0101001110011001
0101001110011010
0101001110011011
0101001110011100
0101001110011110
0101001110100010
0101001110100011
0101001110100100
0101001110100110
0101001110101000
0101001110110000
0101001110110010
0101001110110011
0101001110110100
0101001110110110
0101001110110111
0101001110111000
0101001110111001
0101001110111010
0101001110111011
0101001110111100
0101001111000010
0101001111000011
0101001111000100
0101001111000110
0101001111000111
0101001111001000
0101001111001011
0101001111001100
0101001111001110
0101001111100000
0101001111100010
0101001111100011
0101001111100100
0101001111100110
0101001111101000
0101001111101011
0101001111101100
0101001111110000
0101001111110110
0101010010000110
0101010010000111
0101010010001100
0101010010001110
0101010010011100
0101010010111100
0101010010111110
0101010011000110
0101010011000111
0101010011001100
0101010011001110
0101010011100010
0101010011100011
0101010011100100
0101010011100110
0101010011101000
0101010011101100
0101010011101110
0101010011110110
0101010011111000
0101010100001100
0101010100001110
0101010100111000
0101010110000111
0101010110001110
0101010110011100
0101010110011110
0101010110011111
0101010110111100
0101010111000010
0101010111000011
0101010111000110
0101010111001100
0101010111001110
0101010111001111
0101010111100010
0101010111100011
0101010111100100
0101010111100110
0101010111100111
0101010111101000
0101010111101100
0101010111110010
0101010111110011
0101010111111000
0101010111111001
0101011010000110
0101011010000111
0101011010001100
0101011010001110
0101011010001111
0101011010111100
0101011011100010
0101011011100011
0101011011100100
0101011011100110
0101011011100111
0101011011101000
0101011011101100
0101011011110000
0101011011110010
0101011011110011
0101011011110100
0101011011111000
0101011011111001
0101011011111100
0101011100001001
0101011100001010
0101011100001011
0101011100001101
0101011100001110
0101011100001111
0101011100101000
0101011100101100
0101011100111000
0101011100111010
0101011100111011
0101011100111100
0101011100111101
0101011101101000
0101011101101100
0101011101111000
0101011101111001
0101011101111100
0101011110000011
0101011110000110
0101011110000111
0101011110001001
0101011110001010
0101011110001011
0101011110001100
0101011110001101
0101011110001110
0101011110001111
0101011110010010
0101011110010100
0101011110010110
0101011110010111
0101011110011000
0101011110011001
0101011110011010
0101011110011100
0101011110011101
0101011110011110
0101011110011111
0101011110100011
0101011110100100
0101011110100111
0101011110101100
0101011110110010
0101011110110011
0101011110110100
0101011110111000
0101011110111001
0101011110111100
0101011111000010
0101011111000011
0101011111000100
0101011111000110
0101011111000111
0101011111001001
0101011111001010
0101011111001011
0101011111001100
0101011111001101
0101011111001110
0101011111001111
0101011111100010
0101011111100110
0101011111100111
0101011111101000
0101011111101001
0101011111101100
0101100000000111
0101100000001010
0101100000001110
0101100000001111
0101100000100010
0101100000100011
0101100000100100
0101100000100101
0101100000100110
0101100000100111
0101100000101000
0101100000101001
0101100000101010
0101100000101101
0101100000101110
0101100000101111
0101100000110010
0101100000110011
0101100000110100
0101100000110101
0101100000110110
0101100000110111
0101100000111000
0101100000111001
0101100000111011
0101100000111100
0101100000111101
0101100000111110
0101100001100010
0101100001100011
0101100001100100
0101100001100101
0101100001100110
0101100001101000
0101100001101001
0101100001101010
0101100001101011
0101100001101100
0101100001101101
0101100001101110
0101100001101111
0101100001110010
0101100001110011
0101100001110100
0101100001110111
0101100001111000
0101100001111001
0101100001111010
0101100001111100
0101100001111101
0101100001111110
0101100010000111
0101100010001010
0101100010001011
0101100010001100
0101100010001101
0101100010001110
0101100010001111
0101100010010110
0101100010010111
0101100010011010
0101100010011100
0101100010011101
0101100010011110
0101100010011111
0101100010100010
0101100010100100
0101100010100110
0101100010100111
0101100010101000
0101100010101110
0101100010101111
0101100010110011
0101100010110110
0101100010110111
0101100010111000
0101100010111010
0101100010111011
0101100010111100
0101100010111101
0101100010111111
0101100011000110
0101100011000111
0101100011001010
0101100011001011
0101100011001100
0101100011001101
0101100011001110
0101100011001111
0101100011100010
0101100011100011
0101100011100100
0101100011100101
0101100011100110
0101100011100111
0101100011101000
0101100011101001
0101100011101010
0101100011101011
0101100011101100
0101100011101101
0101100011101110
0101100011101111
0101100011110010
0101100011110011
0101100011110100
0101100011110101
0101100011110110
0101100011110111
0101100011111000
0101100011111001
0101100011111010
0101100011111011
0101100011111100
0101100011111101
0101100100000011
0101100100000101
0101100100000110
0101100100000111
0101100100001001
0101100100001010
0101100100001011
0101100100001100
0101100100001101
0101100100001111
0101100100100010
0101100100100011
0101100100100100
0101100100100110
0101100100100111
0101100100101000
0101100100101110
0101100100101111
0101100100110000
0101100100110010
0101100100110100
0101100100110110
0101100100110111
0101100100111000
0101100100111001
0101100100111010
0101100100111100
0101100100111101
0101100100111110
0101100100111111
0101100101100011
0101100101100100
0101100101100110
0101100101100111
0101100101101100
0101100101101110
0101100101101111
0101100101110000
0101100101110010
0101100101110011
0101100101110100
0101100101110110
0101100101111000
0101100101111001
0101100101111010
0101100101111011
0101100101111100
0101100101111101
0101100101111110
0101100110000011
0101100110000111
0101100110001001
0101100110001010
0101100110001100
0101100110001101
0101100110001110
0101100110001111
0101100110010010
0101100110010011
0101100110010111
0101100110011000
0101100110011001
0101100110011011
0101100110011100
0101100110011101
0101100110011110
0101100110011111
0101100110100010
0101100110100011
0101100110100110
0101100110100111
0101100110101000
0101100110101100
0101100110101110
0101100110101111
0101100110110000
0101100110110010
0101100110110110
0101100110110111
0101100110111001
0101100110111010
0101100110111011
0101100110111100
0101100110111101
0101100110111110
0101100110111111
0101100111000011
0101100111000100
0101100111000101
0101100111000110
0101100111000111
0101100111001000
0101100111001001
0101100111001010
0101100111001011
0101100111001100
0101100111001101
0101100111001110
0101100111001111
0101100111100010
0101100111100011
0101100111100100
0101100111100101
0101100111100110
0101100111100111
0101100111101000
0101100111101001
0101100111101010
0101100111101011
0101100111101100
0101100111101101
0101100111101110
0101100111101111
0101100111110000
0101100111110010
0101100111110011
0101100111110100
0101100111110101
0101100111110110
0101100111110111
0101100111111000
0101100111111001
0101100111111010
0101100111111011
0101101000000011
0101101000000110
0101101000000111
0101101000001001
0101101000001011
0101101000001100
0101101000001101
0101101000001110
0101101000100010
0101101000100011
0101101000100100
0101101000100110
0101101000100111
0101101000101000
0101101000101100
0101101000101110
0101101000101111
0101101000110000
0101101000110010
0101101000110011
0101101000110100
0101101000110110
0101101000110111
0101101000111000
0101101000111001
0101101000111010
0101101000111011
0101101000111101
0101101000111110
0101101010000110
0101101010001100
0101101010001110
0101101010001111
0101101010111100
0101101011100010
0101101011100011
0101101011100100
0101101011100110
0101101011100111
0101101011101000
0101101011101100
0101101011110010
0101101011110011
0101101011110100
0101101011111000
0101101011111001
0101101011111100
0101101100000011
0101101100000101
0101101100000110
0101101100000111
0101101100001001
0101101100001010
0101101100001011
0101101100001100
0101101100001101
0101101100001110
0101101100001111
0101101100100010
0101101100100011
0101101100100110
0101101100100111
0101101100101000
0101101100101100
0101101100110000
0101101100110010
0101101100110011
0101101100110110
0101101100110111
0101101100111000
0101101100111001
0101101100111010
0101101100111011
0101101100111100
0101101101100010
0101101101100011
0101101101100110
0101101101100111
0101101101101100
0101101101111000
0101101101111100
0101101110010010
0101101110011001
0101101110011010
0101101110011011
0101101110100010
0101101110100011
0101101110101000
0101101110110000
0101101110110010
0101101110110011
0101101110111000
0101101110111001
0101101111000010
0101101111000011
0101101111001000
0101101111001001
0101101111001010
0101101111001011
0101101111100011
0101101111101000
0101101111101001
0101101111110000
0101101111110010
0101101111110011
0101110000000110
0101110000000111
0101110000001010
0101110000001011
0101110000001100
0101110000001101
0101110000001110
0101110000001111
0101110000100010
0101110000100011
0101110000100100
0101110000100101
0101110000100110
0101110000100111
0101110000101000
0101110000101001
0101110000101010
0101110000101011
0101110000101100
0101110000101101
0101110000101110
0101110000110010
0101110000110011
0101110000110100
0101110000110101
0101110000110110
0101110000110111
0101110000111000
0101110000111001
0101110000111011
0101110000111100
0101110000111101
0101110000111111
0101110001100010
0101110001100011
0101110001100100
0101110001100101
0101110001100110
0101110001100111
0101110001101000
0101110001101001
0101110001101010
0101110001101100
0101110001101101
0101110001101110
0101110001101111
0101110001110010
0101110001110011
0101110001110110
0101110001110111
0101110001111000
0101110001111001
0101110001111011
0101110001111100
0101110001111101
0101110001111110
0101110010000110
0101110010000111
0101110010001010
0101110010001011
0101110010001100
0101110010001101
0101110010001110
0101110010001111
0101110010010110
0101110010010111
0101110010011010
0101110010011011
0101110010011100
0101110010011101
0101110010011110
0101110010011111
0101110010100010
0101110010100110
0101110010101000
0101110010101100
0101110010101110
0101110010101111
0101110010110010
0101110010110011
0101110010110100
0101110010110111
0101110010111000
0101110010111001
0101110010111010
0101110010111100
0101110010111101
0101110010111110
0101110010111111
0101110011000111
0101110011001010
0101110011001011
0101110011001100
0101110011001101
0101110011001110
0101110011001111
0101110011100010
0101110011100100
0101110011100101
0101110011100110
0101110011100111
0101110011101000
0101110011101001
0101110011101010
0101110011101011
0101110011101100
0101110011101101
0101110011101110
0101110011101111
0101110011110011
0101110011110100
0101110011110101
0101110011110110
0101110011110111
0101110011111000
0101110011111001
0101110011111010
0101110011111011
0101110011111100
0101110011111101
0101110100000011
0101110100000110
0101110100000111
0101110100001001
0101110100001010
0101110100001011
0101110100001100
0101110100001101
0101110100001110
0101110100001111
0101110100100010
0101110100100011
0101110100100100
0101110100100110
0101110100100111
0101110100101000
0101110100101100
0101110100101110
0101110100101111
0101110100110000
0101110100110010
0101110100110011
0101110100110100
0101110100110110
0101110100110111
0101110100111000
0101110100111001
0101110100111010
0101110100111011
0101110100111100
0101110100111101
0101110100111110
0101110101100010
0101110101100011
0101110101100100
0101110101100110
0101110101100111
0101110101101000
0101110101110000
0101110101110010
0101110101110011
0101110101111000
0101110101111001
0101110101111100
0101110110000011
0101110110000101
0101110110000110
0101110110000111
0101110110001001
0101110110001011
0101110110001100
0101110110001101
0101110110001110
0101110110001111
0101110110010010
0101110110010011
0101110110010100
0101110110010110
0101110110010111
0101110110011000
0101110110011010
0101110110011011
0101110110011100
0101110110011101
0101110110011110
0101110110011111
0101110110100010
0101110110100011
0101110110100100
0101110110100111
0101110110101100
0101110110110000
0101110110110010
0101110110110011
0101110110110100
0101110110111000
0101110110111001
0101110110111100
0101110111000010
0101110111000011
0101110111000100
0101110111000111
0101110111001000
0101110111001001
0101110111001100
0101110111001101
0101110111001110
0101110111001111
0101110111100000
0101110111100010
0101110111100011
0101110111100110
0101110111100111
0101110111101000
0101110111101001
0101110111101100
0101110111110000
0101110111110010
0101110111110100
0101110111111000
0101110111111001
0101111000000011
0101111000000101
0101111000000110
0101111000000111
0101111000001001
0101111000001010
0101111000001011
0101111000001100
0101111000001101
0101111000001110
0101111000001111
0101111000100010
0101111000100011
0101111000100100
0101111000100101
0101111000100110
0101111000100111
0101111000101000
0101111000101001
0101111000101010
0101111000101011
0101111000101100
0101111000101101
0101111000101110
0101111000101111
0101111000110000
0101111000110010
0101111000110011
0101111000110100
0101111000110101
0101111000110110
0101111000110111
0101111000111001
0101111000111010
0101111000111011
0101111000111100
0101111000111101
0101111000111110
0101111000111111
0101111010000011
0101111010000101
0101111010000110
0101111010000111
0101111010001001
0101111010001010
0101111010001100
0101111010001101
0101111010001110
0101111010001111
0101111010100010
0101111010100011
0101111010100100
0101111010100110
0101111010100111
0101111010101000
0101111010101100
0101111010110010
0101111010110011
0101111010110100
0101111010111001
0101111010111100
0101111011100000
0101111011100010
0101111011100011
0101111011100111
0101111011101000
0101111011101001
0101111011101100
0101111011110000
0101111011110010
0101111011110011
0101111011111000
0101111011111001
0101111011111100
0101111100000011
0101111100000110
0101111100000111
0101111100001001
0101111100001011
0101111100001100
0101111100001101
0101111100001110
0101111100100010
0101111100100011
0101111100100100
0101111100100101
0101111100100110
0101111100100111
0101111100101001
0101111100101010
0101111100101011
0101111100101100
0101111100101101
0101111100110000
0101111100110010
0101111100110011
0101111100110100
0101111100110101
0101111100110110
0101111100110111
0101111100111000
0101111100111001
0101111100111010
0101111100111011
0101111100111100
0101111100111101
0101111101100000
0101111101100010
0101111101100011
0101111101100100
0101111101100101
0101111101100110
0101111101100111
0101111101101000
0101111101101001
0101111101101100
0101111101110000
0101111101110010
0101111101110011
0101111101110100
0101111101111000
0101111101111001
0101111101111100
