0110001010000011
0110001010000101
0110001010000111
0110001010001001
0110001010001011
0110001010001101
0110001010001111
0110001010010010
0110001010010011
0110001010010100
0110001010010110
0110001010010111
0110001010011000
0110001010011001
0110001010011010
0110001010011011
0110001010011100
0110001010011101
0110001010011110
0110001010011111
0110001010100011
0110001010100111
0110001010101111
0110001010110010
0110001010110011
0110001010110100
0110001010110110
0110001010110111
0110001010111000
0110001010111001
0110001010111010
0110001010111011
0110001010111100
0110001010111101
0110001010111110
0110001011000101
0110001011000111
0110001011001001
0110001011001011
0110001011001101
0110001011001111
0110001011100011
0110001011100101
0110001011100111
0110001011101001
0110001011101011
0110001011101101
0110001011101111
0110001011110000
0110001011110010
0110001011110011
0110001011110100
0110001011110101
0110001011110110
0110001011110111
0110001011111000
0110001011111001
0110001011111010
0110001011111011
0110001011111100
0110001011111101
0110001100001010
0110001100001011
0110001100101000
0110001100101001
0110001100111000
0110001100111001
0110001100111010
0110001101001000
0110001101001001
0110001101001010
0110001101001011
0110001101101000
0110001101101001
0110001101101010
0110001101101011
0110001101101100
0110001101101101
0110001101111000
0110001101111001
0110001101111010
0110001101111011
0110001101111100
0110001101111101
0110001110000011
0110001110000101
0110001110000110
0110001110000111
0110001110001001
0110001110001010
0110001110001011
0110001110001100
0110001110001101
0110001110001110
0110001110001111
0110001110100010
0110001110100011
0110001110100100
0110001110100101
0110001110100110
0110001110100111
0110001110101000
0110001110101001
0110001110101010
0110001110101011
0110001110101100
0110001110101101
0110001110110000
0110001110110010
0110001110110011
0110001110110100
0110001110110101
0110001110110110
0110001110110111
0110001110111000
0110001110111001
0110001110111010
0110001110111011
0110001110111100
0110001110111101
0110001111000010
0110001111000011
0110001111000100
0110001111000101
0110001111000111
0110001111001000
0110001111001001
0110001111001010
0110001111001011
0110001111001100
0110001111001101
0110001111001110
0110001111001111
0110001111010000
0110001111010010
0110001111010011
0110001111010100
0110001111010101
0110001111010110
0110001111010111
0110001111011001
0110001111011010
0110001111011011
0110001111011100
0110001111011101
0110001111011110
0110001111011111
0110001111100000
0110001111100010
0110001111100011
0110001111100100
0110001111100101
0110001111100110
0110001111100111
0110001111101000
0110001111101001
0110001111101010
0110001111101011
0110001111101100
0110001111101101
0110001111110000
0110001111110010
0110001111110011
0110001111110100
0110001111110101
0110001111110110
0110001111110111
0110010010000111
0110010010001101
0110010010001111
0110010010010110
0110010010010111
0110010010011100
0110010010011101
0110010010011110
0110010010011111
0110010010100111
0110010010101111
0110010010110100
0110010010110110
0110010010110111
0110010010111100
0110010010111101
0110010010111110
0110010010111111
0110010011000111
0110010011001101
0110010011001111
0110010011010110
0110010011010111
0110010011011100
0110010011011101
0110010011011110
0110010011011111
0110010011100101
0110010011100111
0110010011101101
0110010011101111
0110010011110100
0110010011110101
0110010011110110
0110010011110111
0110010011111100
0110010011111101
0110010100001101
0110010100001111
0110010100111100
0110010101001111
0110010101101100
0110010101101110
0110010101101111
0110010101111100
0110010101111101
0110010101111110
0110010110000101
0110010110000110
0110010110000111
0110010110001001
0110010110001010
0110010110001011
0110010110001100
0110010110001101
0110010110001110
0110010110010011
0110010110010100
0110010110010110
0110010110010111
0110010110011000
0110010110011001
0110010110011010
0110010110011011
0110010110011100
0110010110011101
0110010110011110
0110010110011111
0110010110100010
0110010110100011
0110010110100100
0110010110100111
0110010110101000
0110010110101100
0110010110101110
0110010110101111
0110010110110010
0110010110110011
0110010110110100
0110010110110110
0110010110110111
0110010110111001
0110010110111010
0110010110111011
0110010110111100
0110010110111101
0110010110111110
0110010110111111
0110010111000010
0110010111000011
0110010111000100
0110010111000101
0110010111000110
0110010111000111
0110010111001000
0110010111001001
0110010111001010
0110010111001011
0110010111001100
0110010111001101
0110010111001110
0110010111001111
0110010111010010
0110010111010011
0110010111010100
0110010111010110
0110010111010111
0110010111011000
0110010111011001
0110010111011010
0110010111011011
0110010111011100
0110010111011101
0110010111011110
0110010111011111
0110010111100000
0110010111100010
0110010111100011
0110010111100100
0110010111100101
0110010111100110
0110010111100111
0110010111101000
0110010111101001
0110010111101010
0110010111101011
0110010111101100
0110010111101101
0110010111101110
0110010111101111
0110010111110000
0110010111110010
0110010111110011
0110010111110100
0110010111110101
0110010111110110
0110010111110111
0110010111111000
0110010111111001
0110010111111010
0110010111111011
0110011010000111
0110011010001001
0110011010001011
0110011010001101
0110011010001111
0110011010010010
0110011010010100
0110011010010110
0110011010010111
0110011010011000
0110011010011001
0110011010011010
0110011010011011
0110011010011100
0110011010011101
0110011010011110
0110011010011111
0110011010100011
0110011010100111
0110011010101111
0110011010110000
0110011010110010
0110011010110011
0110011010110100
0110011010110110
0110011010110111
0110011010111000
0110011010111001
0110011010111010
0110011010111011
0110011010111100
0110011010111101
0110011010111110
0110011010111111
0110011011000011
0110011011000101
0110011011000111
0110011011001001
0110011011001011
0110011011001101
0110011011001111
0110011011100011
0110011011100101
0110011011100111
0110011011101001
0110011011101011
0110011011101101
0110011011101111
0110011011110000
0110011011110010
0110011011110011
0110011011110100
0110011011110101
0110011011110110
0110011011110111
0110011011111000
0110011011111001
0110011011111010
0110011011111011
0110011011111100
0110011011111101
0110011100001001
0110011100001010
0110011100001011
0110011100001110
0110011100001111
0110011100101000
0110011100101001
0110011100101100
0110011100101101
0110011100111000
0110011100111001
0110011100111011
0110011100111100
0110011100111101
0110011101001000
0110011101001010
0110011101001011
0110011101001100
0110011101001101
0110011101001110
0110011101001111
0110011101101000
0110011101101001
0110011101101010
0110011101101011
0110011101101101
0110011101111000
0110011101111001
0110011101111010
0110011101111011
0110011101111100
0110011101111101
0110011110000011
0110011110000111
0110011110001010
0110011110001011
0110011110001100
0110011110001101
0110011110001110
0110011110001111
0110011110010010
0110011110010011
0110011110010101
0110011110010110
0110011110010111
0110011110011001
0110011110011010
0110011110011011
0110011110011100
0110011110011101
0110011110011110
0110011110011111
0110011110100010
0110011110100100
0110011110100101
0110011110100110
0110011110100111
0110011110101000
0110011110101001
0110011110101010
0110011110101011
0110011110101100
0110011110101101
0110011110110000
0110011110110011
0110011110110100
0110011110110101
0110011110110110
0110011110110111
0110011110111000
0110011110111001
0110011110111010
0110011110111011
0110011110111100
0110011110111101
0110011111000010
0110011111000011
0110011111000100
0110011111000101
0110011111000110
0110011111000111
0110011111001011
0110011111001100
0110011111001101
0110011111001110
0110011111001111
0110011111010010
0110011111010011
0110011111010100
0110011111010110
0110011111010111
0110011111011000
0110011111011001
0110011111011010
0110011111011011
0110011111011100
0110011111011101
0110011111011110
0110011111100000
0110011111100010
0110011111100011
0110011111100100
0110011111100101
0110011111100111
0110011111101000
0110011111101001
0110011111101010
0110011111101011
0110011111101100
0110011111101101
0110100010001011
0110100010001101
0110100010001111
0110100010010111
0110100010011010
0110100010011100
0110100010011101
0110100010011110
0110100010011111
0110100010100011
0110100010100111
0110100010101111
0110100010110010
0110100010110110
0110100010111000
0110100010111010
0110100010111011
0110100010111100
0110100010111101
0110100010111110
0110100010111111
0110100011000111
0110100011001011
0110100011001101
0110100011001111
0110100011010110
0110100011010111
0110100011011010
0110100011011011
0110100011011100
0110100011011101
0110100011011110
0110100011011111
0110100011100011
0110100011100101
0110100011100111
0110100011101001
0110100011101011
0110100011101101
0110100011101111
0110100011110010
0110100011110011
0110100011110100
0110100011110101
0110100011110110
0110100011110111
0110100011111000
0110100011111001
0110100011111010
0110100011111100
0110100011111101
0110100100000011
0110100100000101
0110100100000110
0110100100000111
0110100100001001
0110100100001010
0110100100001011
0110100100001101
0110100100001110
0110100100100010
0110100100100011
0110100100100100
0110100100100110
0110100100100111
0110100100101000
0110100100101100
0110100100101110
0110100100101111
0110100100110000
0110100100110010
0110100100110011
0110100100110100
0110100100110110
0110100100110111
0110100100111000
0110100100111001
0110100100111010
0110100100111011
0110100100111101
0110100100111110
0110100100111111
0110100101000010
0110100101000011
0110100101000100
0110100101000110
0110100101000111
0110100101001100
0110100101001110
0110100101001111
0110100101100000
0110100101100011
0110100101100100
0110100101100110
0110100101100111
0110100101101000
0110100101101100
0110100101101110
0110100101101111
0110100101110000
0110100101110010
0110100101110011
0110100101111001
0110100101111010
0110100101111011
0110100101111100
0110100101111101
0110100101111110
0110100110001001
0110100110001010
0110100110001101
0110100110001110
0110100110001111
0110100110010010
0110100110010011
0110100110011000
0110100110011001
0110100110011010
0110100110011011
0110100110011100
0110100110011101
0110100110011110
0110100110011111
0110100110100010
0110100110100011
0110100110100100
0110100110100111
0110100110101000
0110100110101100
0110100110101110
0110100110101111
0110100110110000
0110100110110010
0110100110110011
0110100110110110
0110100110110111
0110100110111001
0110100110111010
0110100110111011
0110100110111100
0110100110111101
0110100110111110
0110100110111111
0110100111000010
0110100111000100
0110100111000101
0110100111000110
0110100111000111
0110100111001000
0110100111001001
0110100111001010
0110100111001011
0110100111001100
0110100111001101
0110100111001110
0110100111010011
0110100111010100
0110100111010110
0110100111010111
0110100111011000
0110100111011001
0110100111011010
0110100111011011
0110100111011100
0110100111011101
0110100111011110
0110100111011111
0110100111100000
0110100111100010
0110100111100011
0110100111100100
0110100111100101
0110100111100110
0110100111100111
0110100111101000
0110100111101001
0110100111101010
0110100111101011
0110100111101100
0110100111101101
0110100111101110
0110100111101111
0110100111110010
0110100111110011
0110100111110100
0110100111110110
0110100111110111
0110100111111000
0110100111111001
0110100111111010
0110100111111011
0110101000000011
0110101000000101
0110101000000111
0110101000001001
0110101000001011
0110101000001101
0110101000001111
0110101000100011
0110101000100111
0110101000101111
0110101000110000
0110101000110010
0110101000110011
0110101000110100
0110101000110110
0110101000110111
0110101000111000
0110101000111001
0110101000111010
0110101000111011
0110101000111100
0110101000111110
0110101000111111
0110101001100011
0110101001100111
0110101001101111
0110101001110000
0110101001110010
0110101001110110
0110101001110111
0110101001111000
0110101001111010
0110101001111011
0110101001111100
0110101001111110
0110101010000111
0110101010001111
0110101010011000
0110101010011110
0110101010111100
0110101011000011
0110101011000111
0110101011001111
0110101011100011
0110101011100111
0110101011110000
0110101011110010
0110101011110011
0110101011110100
0110101011111000
0110101011111001
0110101011111100
0110101100000011
0110101100000101
0110101100000110
0110101100000111
0110101100001001
0110101100001010
0110101100001011
0110101100001101
0110101100001110
0110101100001111
0110101100100010
0110101100100011
0110101100100110
0110101100100111
0110101100101000
0110101100101100
0110101100110000
0110101100110010
0110101100110011
0110101100110110
0110101100110111
0110101100111000
0110101100111001
0110101100111010
0110101100111011
0110101100111100
0110101100111101
0110101101000010
0110101101000011
0110101101000110
0110101101000111
0110101101001100
0110101101001110
0110101101001111
0110101101100010
0110101101100110
0110101101100111
0110101101101000
0110101101101100
0110101101110000
0110101101111000
0110101101111001
0110101101111100
0110101110010111
0110101110011001
0110101110011010
0110101110011011
0110101110011100
0110101110011101
0110101110011110
0110101110011111
0110101110100010
0110101110101000
0110101110110000
0110101110110010
0110101110110011
0110101110111000
0110101110111001
0110101110111100
0110101111000010
0110101111000011
0110101111000111
0110101111001000
0110101111001001
0110101111001010
0110101111001011
0110101111001100
0110101111001101
0110101111001110
0110101111001111
0110101111010010
0110101111010011
0110101111011000
0110101111011001
0110101111011100
0110101111100000
0110101111100010
0110101111100101
0110101111100110
0110101111100111
0110101111101000
0110101111101001
0110101111101100
0110101111110000
0110101111110011
0110110000000111
0110110000001101
0110110000001111
0110110000100101
0110110000100111
0110110000101101
0110110000101111
0110110000110100
0110110000110101
0110110000110111
0110110000111100
0110110000111101
0110110000111110
0110110001000111
0110110001001101
0110110001001111
0110110001100101
0110110001100111
0110110001101101
0110110001101111
0110110001110110
0110110001110111
0110110001111100
0110110001111101
0110110001111110
0110110010000111
0110110010001011
0110110010001101
0110110010001111
0110110010010110
0110110010011010
0110110010011011
0110110010011100
0110110010011101
0110110010011110
0110110010011111
0110110010100011
0110110010100111
0110110010101111
0110110010110010
0110110010110011
0110110010110100
0110110010111000
0110110010111001
0110110010111010
0110110010111011
0110110010111101
0110110010111110
0110110010111111
0110110011001011
0110110011001101
0110110011001111
0110110011010111
0110110011011010
0110110011011011
0110110011011100
0110110011011101
0110110011011110
0110110011011111
0110110011100011
0110110011100101
0110110011100111
0110110011101001
0110110011101011
0110110011101101
0110110011101111
0110110011110100
0110110011110101
0110110011110110
0110110011110111
0110110011111000
0110110011111001
0110110011111100
0110110011111101
0110110100000011
0110110100000101
0110110100000110
0110110100000111
0110110100001001
0110110100001010
0110110100001011
0110110100001101
0110110100001110
0110110100001111
0110110100100010
0110110100100011
0110110100100100
0110110100100110
0110110100100111
0110110100101000
0110110100101100
0110110100101110
0110110100101111
0110110100110000
0110110100110010
0110110100110011
0110110100110100
0110110100110110
0110110100110111
0110110100111000
0110110100111001
0110110100111010
0110110100111011
0110110100111100
0110110100111101
0110110100111110
0110110100111111
0110110101000010
0110110101000011
0110110101000100
0110110101000110
0110110101000111
0110110101001000
0110110101001100
0110110101001110
0110110101100010
0110110101100011
0110110101100100
0110110101100110
0110110101100111
0110110101101000
0110110101101100
0110110101110000
0110110101110010
0110110101110011
0110110101111000
0110110101111001
0110110110000110
0110110110000111
0110110110001010
0110110110001100
0110110110001101
0110110110001110
0110110110001111
0110110110010011
0110110110010110
0110110110010111
0110110110011000
0110110110011001
0110110110011011
0110110110011100
0110110110011101
0110110110011110
0110110110011111
0110110110100010
0110110110100011
0110110110100100
0110110110100111
0110110110101000
0110110110101100
0110110110110011
0110110110110100
0110110110111001
0110110111000010
0110110111000011
0110110111000100
0110110111000101
0110110111001000
0110110111001001
0110110111001010
0110110111001011
0110110111001101
0110110111001110
0110110111001111
0110110111010010
0110110111010011
0110110111010100
0110110111011000
0110110111011001
0110110111100010
0110110111100011
0110110111100100
0110110111100111
0110110111101000
0110110111101001
0110110111101100
0110110111110000
0110110111110010
0110110111110011
0110110111111000
0110110111111001
0110111000000011
0110111000000101
0110111000000111
0110111000001001
0110111000001011
0110111000001101
0110111000001111
0110111000100011
0110111000100101
0110111000100111
0110111000101001
0110111000101011
0110111000101101
0110111000101111
0110111000110000
0110111000110010
0110111000110011
0110111000110100
0110111000110101
0110111000110110
0110111000110111
0110111000111000
0110111000111001
0110111000111010
0110111000111011
0110111000111100
0110111000111101
0110111000111110
0110111001100101
0110111001100111
0110111001101001
0110111001101011
0110111001101101
0110111001101111
0110111001110000
0110111001110010
0110111001110011
0110111001110100
0110111001110101
0110111001110111
0110111001111000
0110111001111001
0110111001111010
0110111001111011
0110111001111100
0110111001111110
0110111010000011
0110111010000101
0110111010000111
0110111010001001
0110111010001011
0110111010001101
0110111010001111
0110111010010010
0110111010010011
0110111010010100
0110111010010110
0110111010010111
0110111010011000
0110111010011001
0110111010011010
0110111010011100
0110111010011101
0110111010011110
0110111010011111
0110111010100011
0110111010100111
0110111010110000
0110111010110010
0110111010110011
0110111010110100
0110111010111000
0110111010111100
0110111011000011
0110111011000101
0110111011000111
0110111011001001
0110111011001011
0110111011001101
0110111011001111
0110111011100011
0110111011101001
0110111011110000
0110111011110010
0110111011110011
0110111011110100
0110111011111000
0110111011111001
0110111011111100
0110111100000011
0110111100000101
0110111100000110
0110111100000111
0110111100001001
0110111100001010
0110111100001011
0110111100001101
0110111100001110
0110111100001111
0110111100100010
0110111100100011
0110111100100100
0110111100100101
0110111100100110
0110111100100111
0110111100101000
0110111100101001
0110111100101010
0110111100101011
0110111100101100
0110111100101101
0110111100110000
0110111100110010
0110111100110011
0110111100110101
0110111100110110
0110111100110111
0110111100111000
0110111100111001
0110111100111010
0110111100111011
0110111100111100
0110111100111101
0110111101000010
0110111101000011
0110111101000100
0110111101000101
0110111101000110
0110111101000111
0110111101001000
0110111101001001
0110111101001010
0110111101001011
0110111101001100
0110111101001101
0110111101001110
0110111101001111
0110111101100000
0110111101100010
0110111101100011
0110111101100100
0110111101100101
0110111101100110
0110111101100111
0110111101101000
0110111101101001
0110111101101100
0110111101110000
0110111101110010
0110111101110011
0110111101110100
0110111101111000
0110111101111001
0110111101111100
0110111110000011
0110111110000101
0110111110000110
0110111110000111
0110111110001001
0110111110001010
0110111110001011
0110111110001100
0110111110001110
0110111110001111
0110111110010011
0110111110010100
0110111110010101
0110111110010110
0110111110010111
0110111110011000
0110111110011001
0110111110011010
0110111110011011
0110111110011101
0110111110011110
0110111110100010
0110111110100011
0110111110100100
0110111110100101
0110111110100110
0110111110100111
0110111110101000
0110111110101001
0110111110101100
0110111110110000
0110111110110010
0110111110110011
0110111110110100
0110111110111000
0110111110111001
0110111110111100
0110111111000010
0110111111000011
0110111111000100
0110111111000101
0110111111000110
0110111111000111
0110111111001010
0110111111001011
0110111111001100
0110111111001101
0110111111001110
0110111111001111
0110111111010000
0110111111010010
0110111111010011
0110111111010100
0110111111011001
0110111111011100
0111000010000110
0111000010000111
0111000010001100
0111000010001101
0111000010001110
0111000010001111
0111000010010110
0111000010010111
0111000010011010
0111000010011011
0111000010011100
0111000010011101
0111000010011110
0111000010011111
0111000010100010
0111000010100011
0111000010100100
0111000010100101
0111000010100110
0111000010100111
0111000010101000
0111000010101001
0111000010101010
0111000010101011
0111000010101100
0111000010101101
0111000010101110
0111000010101111
0111000010110010
0111000010110011
0111000010110100
0111000010110101
0111000010110110
0111000010110111
0111000010111000
0111000010111001
0111000010111010
0111000010111011
0111000010111100
0111000010111101
0111000010111110
0111000010111111
0111000011000110
0111000011000111
0111000011001010
0111000011001011
0111000011001100
0111000011001101
0111000011001110
0111000011010110
0111000011010111
0111000011011010
0111000011011011
0111000011011100
0111000011011101
0111000011011110
0111000011011111
0111000011100110
0111000011101000
0111000011101001
0111000011101010
0111000011101011
0111000011101100
0111000011101101
0111000011101111
0111000011110010
0111000011110011
0111000011110100
0111000011110101
0111000011110110
0111000011110111
0111000011111000
0111000011111001
0111000011111010
0111000011111011
0111000011111100
0111000011111101
0111001010000011
0111001010000101
0111001010000110
0111001010000111
0111001010001001
0111001010001010
0111001010001011
0111001010001100
0111001010001110
0111001010001111
0111001010010010
0111001010010011
0111001010010100
0111001010010110
0111001010010111
0111001010011000
0111001010011001
0111001010011010
0111001010011011
0111001010011100
0111001010011110
0111001010011111
0111001010100010
0111001010100011
0111001010100100
0111001010100110
0111001010100111
0111001010101000
0111001010101100
0111001010101110
0111001010101111
0111001010110000
0111001010110010
0111001010110011
0111001010110100
0111001010110110
0111001010110111
0111001010111000
0111001010111001
0111001010111010
0111001010111011
0111001010111100
0111001010111110
0111001010111111
0111001011000010
0111001011000011
0111001011000100
0111001011000101
0111001011000110
0111001011000111
0111001011001000
0111001011001001
0111001011001010
0111001011001011
0111001011001100
0111001011001110
0111001011001111
0111001011100000
0111001011100010
0111001011100011
0111001011100100
0111001011100101
0111001011100110
0111001011100111
0111001011101000
0111001011101001
0111001011101010
0111001011101011
0111001011101100
0111001011101110
0111001011101111
0111001011110000
0111001011110010
0111001011110011
0111001011110100
0111001011110101
0111001011110110
0111001011110111
0111001011111000
0111001011111001
0111001011111010
0111001011111011
0111001011111100
0111001100001001
0111001100111001
0111001101001000
0111001101001001
0111001101001010
0111001101101000
0111001101101001
0111001101101010
0111001101101011
0111001101101100
0111001101111000
0111001101111001
0111001101111010
0111001101111011
0111001101111100
0111001101111101
0111001110000011
0111001110000101
0111001110000110
0111001110000111
0111001110001001
0111001110001010
0111001110001011
0111001110001100
0111001110001101
0111001110001110
0111001110010010
0111001110010011
0111001110010100
0111001110010101
0111001110010110
0111001110010111
0111001110011000
0111001110011001
0111001110011010
0111001110011011
0111001110011100
0111001110011101
0111001110011110
0111001110100010
0111001110100011
0111001110100100
0111001110100101
0111001110100110
0111001110100111
0111001110101000
0111001110101001
0111001110101010
0111001110101011
0111001110101100
0111001110101101
0111001110110000
0111001110110010
0111001110110011
0111001110110100
0111001110110101
0111001110110110
0111001110110111
0111001110111000
0111001110111001
0111001110111010
0111001110111011
0111001110111100
0111001110111101
0111001111000010
0111001111000011
0111001111000100
0111001111000101
0111001111000110
0111001111000111
0111001111001001
0111001111001010
0111001111001011
0111001111001100
0111001111001101
0111001111001111
0111001111010000
0111001111010010
0111001111010011
0111001111010100
0111001111010110
0111001111010111
0111001111011000
0111001111011001
0111001111011010
0111001111011011
0111001111011100
0111001111011101
0111001111011110
0111001111100000
0111001111100010
0111001111100011
0111001111100100
0111001111100101
0111001111100110
0111001111100111
0111001111101000
0111001111101001
0111001111101010
0111001111101011
0111001111101100
0111001111101101
0111001111110000
0111001111110010
0111001111110011
0111001111110100
0111001111110110
0111010010000110
0111010010000111
0111010010001010
0111010010001100
0111010010001101
0111010010001110
0111010010001111
0111010010010110
0111010010010111
0111010010011010
0111010010011100
0111010010011101
0111010010011110
0111010010011111
0111010010100010
0111010010100011
0111010010100100
0111010010100110
0111010010100111
0111010010101000
0111010010101100
0111010010101110
0111010010101111
0111010010110010
0111010010110011
0111010010110100
0111010010111010
0111010010111011
0111010010111100
0111010010111101
0111010010111110
0111010011000110
0111010011000111
0111010011001100
0111010011001101
0111010011001110
0111010011001111
0111010011010110
0111010011010111
0111010011011010
0111010011011011
0111010011011100
0111010011011101
0111010011011110
0111010011011111
0111010011100010
0111010011100011
0111010011100100
0111010011100101
0111010011100110
0111010011100111
0111010011101011
0111010011101100
0111010011101101
0111010011101110
0111010011101111
0111010011110010
0111010011110011
0111010011110100
0111010011110110
0111010011110111
0111010011111000
0111010011111001
0111010011111010
0111010011111011
0111010011111100
0111010100001001
0111010100001010
0111010100001011
0111010100101000
0111010100111000
0111010100111010
0111010100111011
0111010101001100
0111010101101000
0111010101101100
0111010101111000
0111010101111001
0111010101111100
0111010110000011
0111010110000101
0111010110000110
0111010110000111
0111010110001001
0111010110001010
0111010110001011
0111010110001100
0111010110001101
0111010110001110
0111010110001111
0111010110010010
0111010110010100
0111010110010110
0111010110010111
0111010110011000
0111010110011001
0111010110011010
0111010110011011
0111010110011100
0111010110011101
0111010110011110
0111010110011111
0111010110100011
0111010110100100
0111010110100110
0111010110100111
0111010110101000
0111010110101100
0111010110110000
0111010110110010
0111010110110011
0111010110110100
0111010110111000
0111010110111001
0111010110111100
0111010111000010
0111010111000011
0111010111000100
0111010111000110
0111010111000111
0111010111001000
0111010111001001
0111010111001010
0111010111001011
0111010111001100
0111010111001101
0111010111001110
0111010111001111
0111010111010010
0111010111010011
0111010111011000
0111010111011001
0111010111011100
0111010111100000
0111010111100010
0111010111100011
0111010111100100
0111010111100101
0111010111100110
0111010111100111
0111010111101000
0111010111101001
0111010111101100
0111010111110000
0111010111110010
0111010111110011
0111010111110100
0111010111111000
0111010111111001
0111011010000011
0111011010000110
0111011010000111
0111011010001001
0111011010001010
0111011010001011
0111011010001100
0111011010001101
0111011010001110
0111011010001111
0111011010010010
0111011010010011
0111011010010110
0111011010010111
0111011010011001
0111011010011010
0111011010011011
0111011010011100
0111011010011101
0111011010011110
0111011010011111
0111011010100010
0111011010100100
0111011010100110
0111011010100111
0111011010101000
0111011010101100
0111011010110000
0111011010110011
0111011010110100
0111011010111000
0111011010111001
0111011010111100
0111011011000010
0111011011000011
0111011011000100
0111011011000101
0111011011000110
0111011011000111
0111011011001000
0111011011001001
0111011011001010
0111011011001011
0111011011001100
0111011011001101
0111011011001110
0111011011001111
0111011011100010
0111011011100011
0111011011100100
0111011011100101
0111011011100110
0111011011100111
0111011011101000
0111011011101001
0111011011101100
0111011011110000
0111011011110010
0111011011110011
0111011011110100
0111011011111000
0111011011111001
0111011011111100
0111011100001001
0111011100001010
0111011100001011
0111011100001100
0111011100001101
0111011100001111
0111011100101000
0111011100101001
0111011100101010
0111011100101011
0111011100111000
0111011100111001
0111011100111010
0111011100111100
0111011100111101
0111011101001000
0111011101001001
0111011101001011
0111011101001100
0111011101001101
0111011101001110
0111011101001111
0111011101101001
0111011101101100
0111011101111001
0111011101111100
0111011110000011
0111011110000101
0111011110001001
0111011110001010
0111011110001011
0111011110001100
0111011110001101
0111011110001110
0111011110001111
0111011110010010
0111011110010110
0111011110010111
0111011110011000
0111011110011010
0111011110011011
0111011110011100
0111011110011101
0111011110011110
0111011110011111
0111011110100011
0111011110100101
0111011110100110
0111011110100111
0111011110101000
0111011110101001
0111011110101100
0111011110110000
0111011110110010
0111011110110100
0111011110111000
0111011110111001
0111011110111100
0111011111000011
0111011111000100
0111011111000101
0111011111000110
0111011111000111
0111011111001000
0111011111001001
0111011111001010
0111011111001011
0111011111001100
0111011111001101
0111011111001110
0111011111001111
0111011111010000
0111011111010010
0111011111010011
0111011111010100
0111011111011000
0111011111011001
0111011111011100
0111011111100010
0111011111100011
0111011111100100
0111011111100101
0111011111100110
0111011111101000
0111011111101001
0111011111101100
0111100000000110
0111100000001010
0111100000001011
0111100000001100
0111100000001101
0111100000001110
0111100000100010
0111100000100011
0111100000100100
0111100000100101
0111100000100110
0111100000100111
0111100000101000
0111100000101001
0111100000101010
0111100000101011
0111100000101100
0111100000101111
0111100000110010
0111100000110011
0111100000110100
0111100000110101
0111100000110110
0111100000110111
0111100000111000
0111100000111001
0111100000111010
0111100000111011
0111100000111101
0111100000111110
0111100001000110
0111100001000111
0111100001001010
0111100001001100
0111100001001101
0111100001001110
0111100001001111
0111100001100011
0111100001100101
0111100001100110
0111100001100111
0111100001101000
0111100001101010
0111100001101011
0111100001101100
0111100001101101
0111100001101110
0111100001101111
0111100001110010
0111100001110011
0111100001110101
0111100001110110
0111100001111001
0111100001111010
0111100001111011
0111100001111100
0111100001111110
0111100010001010
0111100010001011
0111100010001100
0111100010001101
0111100010001111
0111100010011100
0111100010011101
0111100010011110
0111100010011111
0111100010100010
0111100010100011
0111100010100100
0111100010100110
0111100010100111
0111100010101000
0111100010101001
0111100010101010
0111100010101011
0111100010101100
0111100010101101
0111100010101110
0111100010101111
0111100010110010
0111100010110011
0111100010110101
0111100010110110
0111100010110111
0111100010111000
0111100010111010
0111100010111011
0111100010111100
0111100010111101
0111100010111110
0111100010111111
0111100011000110
0111100011000111
0111100011001010
0111100011001011
0111100011001100
0111100011001101
0111100011001110
0111100011001111
0111100011010110
0111100011010111
0111100011011010
0111100011011011
0111100011011100
0111100011011101
0111100011011110
0111100011011111
0111100011100010
0111100011100011
0111100011100100
0111100011100101
0111100011100110
0111100011100111
0111100011101000
0111100011101001
0111100011101010
0111100011101011
0111100011101100
0111100011101101
0111100011101110
0111100011101111
0111100011110010
0111100011110011
0111100011110100
0111100011110101
0111100011110110
0111100011110111
0111100011111000
0111100011111001
0111100011111010
0111100011111011
0111100011111100
0111100011111101
0111100100000011
0111100100000101
0111100100000110
0111100100000111
0111100100001001
0111100100001010
0111100100001011
0111100100001100
0111100100001101
0111100100001110
0111100100001111
0111100100100011
0111100100100100
0111100100100101
0111100100100110
0111100100100111
0111100100101000
0111100100101001
0111100100101010
0111100100101011
0111100100101100
0111100100101101
0111100100101111
0111100100110000
0111100100110011
0111100100110100
0111100100110101
0111100100110110
0111100100110111
0111100100111000
0111100100111001
0111100100111010
0111100100111011
0111100100111100
0111100100111110
0111100100111111
0111100101000011
0111100101000100
0111100101000101
0111100101000110
0111100101000111
0111100101001001
0111100101001010
0111100101001101
0111100101001110
0111100101001111
0111100101110000
0111100101110110
0111100101110111
0111100101111000
0111100101111010
0111100101111011
0111100101111100
0111100101111101
0111100101111110
0111100110001001
0111100110001100
0111100110001110
0111100110001111
0111100110011001
0111100110011010
0111100110011011
0111100110011100
0111100110011101
0111100110011111
0111100110100011
0111100110100101
0111100110101000
0111100110101001
0111100110101010
0111100110101011
0111100110101100
0111100110101101
0111100110101110
0111100110101111
0111100110110000
0111100110110011
0111100110110110
0111100110111001
0111100110111100
0111100110111110
0111100111000011
0111100111000101
0111100111000110
0111100111000111
0111100111001001
0111100111001010
0111100111001011
0111100111001100
0111100111001101
0111100111001110
0111100111001111
0111100111010100
0111100111010110
0111100111010111
0111100111011000
0111100111011010
0111100111011011
0111100111011100
0111100111011101
0111100111100011
0111100111100110
0111100111100111
0111100111101000
0111100111101001
0111100111101101
0111100111101110
0111100111110000
0111100111110011
0111100111110100
0111100111110110
0111100111110111
0111100111111000
0111100111111001
0111100111111010
0111101000000011
0111101000000101
0111101000000110
0111101000000111
0111101000001001
0111101000001010
0111101000001011
0111101000001100
0111101000001101
0111101000001110
0111101000001111
0111101000100010
0111101000100011
0111101000100100
0111101000100101
0111101000100110
0111101000100111
0111101000101000
0111101000101001
0111101000101010
0111101000101011
0111101000101100
0111101000101101
0111101000101110
0111101000110000
0111101000110010
0111101000110011
0111101000110100
0111101000110101
0111101000110110
0111101000110111
0111101000111000
0111101000111001
0111101000111010
0111101000111011
0111101000111100
0111101000111101
0111101000111111
0111101001100110
0111101001100111
0111101001101000
0111101001101001
0111101001101010
0111101001101100
0111101001101101
0111101001101110
0111101001101111
0111101001110000
0111101001110111
0111101001111000
0111101001111001
0111101001111011
0111101001111100
0111101001111110
0111101010001010
0111101010001011
0111101010001100
0111101010001101
0111101010001110
0111101010001111
0111101010011001
0111101010011010
0111101010011011
0111101010011100
0111101010011110
0111101010100010
0111101010101100
0111101010110000
0111101010110010
0111101010110011
0111101011100000
0111101011100010
0111101011100100
0111101011100101
0111101011100110
0111101011100111
0111101011101000
0111101011101001
0111101011101100
0111101011110000
0111101011110011
0111101011110100
0111101011111000
0111101011111001
0111101011111100
0111101100000011
0111101100000101
0111101100000110
0111101100000111
0111101100001001
0111101100001010
0111101100001011
0111101100001101
0111101100001110
0111101100001111
0111101100100010
0111101100100011
0111101100100101
0111101100100110
0111101100100111
0111101100101000
0111101100101001
0111101100101010
0111101100101011
0111101100101100
0111101100101101
0111101100110000
0111101100110010
0111101100110011
0111101100110101
0111101100110110
0111101100110111
0111101100111000
0111101100111001
0111101100111010
0111101100111011
0111101100111100
0111101100111101
0111101101000010
0111101101000011
0111101101000101
0111101101000110
0111101101000111
0111101101001010
0111101101001011
0111101101001100
0111101101001101
0111101101001111
0111101101100000
0111101101100111
0111101101101000
0111101101101001
0111101101110000
0111101101111000
0111101101111001
0111101101111100
0111101110011010
0111101110011011
0111101110101001
0111101110110000
0111101110110010
0111101110111001
0111101111000010
0111101111001000
0111101111001001
0111101111001010
0111101111001011
0111101111010000
0111101111010010
0111101111010011
0111101111011000
0111101111011001
0111101111100000
0111101111100010
0111101111100011
0111101111101000
0111101111101001
0111101111110000
0111101111110010
0111110000000110
0111110000001010
0111110000001011
0111110000001100
0111110000001101
0111110000001110
0111110000100010
0111110000100011
0111110000100100
0111110000100101
0111110000100110
0111110000100111
0111110000101000
0111110000101001
0111110000101010
0111110000101011
0111110000101100
0111110000101101
0111110000101110
0111110000101111
0111110000110010
0111110000110011
0111110000110100
0111110000110101
0111110000110110
0111110000110111
0111110000111000
0111110000111001
0111110000111010
0111110000111011
0111110000111100
0111110000111101
0111110001000110
0111110001000111
0111110001001010
0111110001001011
0111110001001100
0111110001001101
0111110001001110
0111110001100110
0111110001100111
0111110001101000
0111110001101001
0111110001101010
0111110001101011
0111110001101100
0111110001101110
0111110001101111
0111110001110111
0111110001111000
0111110001111001
0111110001111010
0111110001111011
0111110001111101
0111110001111110
0111110010001010
0111110010001100
0111110010001101
0111110010001110
0111110010001111
0111110010010111
0111110010011011
0111110010011100
0111110010011101
0111110010011110
0111110010011111
0111110010100010
0111110010100110
0111110010100111
0111110010101000
0111110010101011
0111110010101100
0111110010101101
0111110010101110
0111110010101111
0111110010110010
0111110010110011
0111110011001010
0111110011001011
0111110011001100
0111110011001101
0111110011001110
0111110011001111
0111110011011010
0111110011011011
0111110011011100
0111110011011101
0111110011011110
0111110011011111
0111110011100010
0111110011100011
0111110011100100
0111110011100110
0111110011100111
0111110011101000
0111110011101001
0111110011101010
0111110011101011
0111110011101100
0111110011101101
0111110011101110
0111110011101111
0111110011110010
0111110011110011
0111110011110110
0111110011110111
0111110011111000
0111110011111001
0111110011111010
0111110011111011
0111110011111100
0111110100000011
0111110100000101
0111110100000110
0111110100000111
0111110100001001
0111110100001010
0111110100001011
0111110100001100
0111110100001101
0111110100001110
0111110100001111
0111110100100010
0111110100100011
0111110100100100
0111110100100110
0111110100100111
0111110100101011
0111110100101100
0111110100101101
0111110100101110
0111110100101111
0111110100110000
0111110100110010
0111110100110011
0111110100110100
0111110100110110
0111110100110111
0111110100111000
0111110100111001
0111110100111010
0111110100111011
0111110100111100
0111110100111110
0111110101000010
0111110101000011
0111110101000100
0111110101000110
0111110101000111
0111110101001000
0111110101001100
0111110101001110
0111110101100000
0111110101100011
0111110101100101
0111110101100111
0111110101101000
0111110101101001
0111110101101100
0111110101110000
0111110101110010
0111110101111000
0111110101111001
0111110101111100
0111110110000111
0111110110001001
0111110110001010
0111110110001011
0111110110001101
0111110110001110
0111110110001111
0111110110010010
0111110110010110
0111110110010111
0111110110011000
0111110110011001
0111110110011010
0111110110011100
0111110110011101
0111110110011110
0111110110011111
0111110110100011
0111110110100101
0111110110100111
0111110110101000
0111110110101001
0111110110101100
0111110110110000
0111110110110010
0111110110110011
0111110110110100
0111110110111000
0111110110111100
0111110111000010
0111110111000011
0111110111000100
0111110111000101
0111110111000110
0111110111001001
0111110111001010
0111110111001011
0111110111001100
0111110111001110
0111110111001111
0111110111010010
0111110111010011
0111110111010100
0111110111011001
0111110111011100
0111110111100000
0111110111100010
0111110111100011
0111110111100100
0111110111100101
0111110111101000
0111110111101001
0111110111101100
0111110111110000
0111110111110010
0111110111110011
0111110111110100
0111110111111000
0111110111111001
0111111000000101
0111111000000110
0111111000001001
0111111000001010
0111111000001011
0111111000001100
0111111000001101
0111111000100010
0111111000100011
0111111000100100
0111111000100101
0111111000100110
0111111000100111
0111111000101000
0111111000101001
0111111000101010
0111111000101011
0111111000101100
0111111000101101
0111111000101110
0111111000101111
0111111000110000
0111111000110010
0111111000110011
0111111000110100
0111111000110101
0111111000110110
0111111000110111
0111111000111000
0111111000111001
0111111000111010
0111111000111011
0111111000111100
0111111000111101
0111111000111110
0111111001100000
0111111001100011
0111111001100100
0111111001100101
0111111001100110
0111111001101000
0111111001101001
0111111001101010
0111111001101011
0111111001101100
0111111001101101
0111111001101110
0111111001110010
0111111001110011
0111111001110110
0111111001111000
0111111001111001
0111111001111010
0111111001111011
0111111001111100
0111111010000110
0111111010000111
0111111010001001
0111111010001010
0111111010001011
0111111010001100
0111111010001110
0111111010010010
0111111010010011
0111111010010110
0111111010010111
0111111010011000
0111111010011001
0111111010011010
0111111010011011
0111111010011110
0111111010100010
0111111010100011
0111111010100100
0111111010100110
0111111010101000
0111111010101100
0111111010110000
0111111010110011
0111111010110100
0111111010111000
0111111010111001
0111111010111100
0111111011000010
0111111011000011
0111111011000100
0111111011000101
0111111011000110
0111111011000111
0111111011001000
0111111011001010
0111111011001011
0111111011001100
0111111011001101
0111111011001110
0111111011001111
0111111011100010
0111111011100011
0111111011100100
0111111011100101
0111111011101001
0111111011101100
0111111011110000
0111111011110010
0111111011110011
0111111011110100
0111111011111000
0111111011111001
0111111011111100
