0010001011000101
0010001011000111
0010001011001001
0010001011001011
0010001011001101
0010001011001111
0010001011010010
0010001011010011
0010001011010100
0010001011010110
0010001011010111
0010001011011000
0010001011011001
0010001011011010
0010001011011011
0010001011011100
0010001011011101
0010001011011110
0010001011011111
0010001011100011
0010001011100101
0010001011100111
0010001011101001
0010001011101011
0010001011101101
0010001011110010
0010001011110011
0010001011110100
0010001011110101
0010001011110110
0010001011110111
0010001011111000
0010001011111001
0010001011111010
0010001011111011
0010001011111100
0010001011111101
0010001101001000
0010001101001010
0010001101001011
0010001101001100
0010001101001101
0010001101001110
0010001101001111
0010001101011000
0010001101011001
0010001101011010
0010001101011011
0010001101011100
0010001101011101
0010001101011110
0010001101011111
0010001101101000
0010001101101010
0010001101101011
0010001101101100
0010001101111000
0010001101111001
0010001101111010
0010001101111011
0010001101111100
0010001101111101
0010001111000010
0010001111000011
0010001111000101
0010001111000110
0010001111000111
0010001111001000
0010001111001001
0010001111001010
0010001111001011
0010001111001100
0010001111001101
0010001111001110
0010001111001111
0010001111010000
0010001111010010
0010001111010011
0010001111010100
0010001111010110
0010001111010111
0010001111011000
0010001111011001
0010001111011010
0010001111011011
0010001111011101
0010001111011110
0010001111011111
0010001111100000
0010001111100010
0010001111100011
0010001111100100
0010001111100101
0010001111100110
0010001111100111
0010001111101000
0010001111101001
0010001111101010
0010001111101011
0010001111101100
0010001111101101
0010001111110000
0010001111110010
0010001111110011
0010001111110100
0010001111110110
0010001111110111
0010010010000111
0010010010001111
0010010010010110
0010010010011101
0010010010011110
0010010010011111
0010010010100111
0010010010101111
0010010010110100
0010010010110110
0010010010111100
0010010010111101
0010010010111110
0010010010111111
0010010011000111
0010010011001101
0010010011001111
0010010011010110
0010010011010111
0010010011011101
0010010011011110
0010010011011111
0010010011100101
0010010011100111
0010010011101101
0010010011101111
0010010011110100
0010010011110110
0010010011110111
0010010011111100
0010010100001100
0010010100001101
0010010100001110
0010010100001111
0010010100101100
0010010100101110
0010010100101111
0010010100111100
0010010100111110
0010010101001100
0010010101001110
0010010101011100
0010010101011110
0010010101011111
0010010101101100
0010010101101110
0010010101101111
0010010101111100
0010010101111101
0010010101111110
0010010110000110
0010010110000111
0010010110001001
0010010110001010
0010010110001100
0010010110001101
0010010110001110
0010010110001111
0010010110010010
0010010110010011
0010010110010100
0010010110010110
0010010110010111
0010010110011000
0010010110011001
0010010110011010
0010010110011011
0010010110011100
0010010110011101
0010010110011110
0010010110011111
0010010110100010
0010010110100011
0010010110100110
0010010110100111
0010010110101000
0010010110101100
0010010110101110
0010010110101111
0010010110110000
0010010110110010
0010010110110011
0010010110110100
0010010110110110
0010010110111001
0010010110111010
0010010110111011
0010010110111101
0010010110111110
0010010110111111
0010010111000010
0010010111000011
0010010111000100
0010010111000101
0010010111000110
0010010111000111
0010010111001000
0010010111001001
0010010111001010
0010010111001011
0010010111001100
0010010111001101
0010010111001110
0010010111001111
0010010111010010
0010010111010011
0010010111010100
0010010111010110
0010010111010111
0010010111011000
0010010111011001
0010010111011010
0010010111011011
0010010111011100
0010010111011101
0010010111011110
0010010111011111
0010010111100000
0010010111100010
0010010111100011
0010010111100100
0010010111100101
0010010111100110
0010010111100111
0010010111101000
0010010111101001
0010010111101010
0010010111101011
0010010111101100
0010010111101101
0010010111101110
0010010111101111
0010010111110000
0010010111110010
0010010111110011
0010010111110100
0010010111110101
0010010111110110
0010010111110111
0010010111111001
0010010111111010
0010010111111011
0010011010000011
0010011010000101
0010011010000111
0010011010001001
0010011010001011
0010011010001101
0010011010001111
0010011010010010
0010011010010011
0010011010010100
0010011010010110
0010011010010111
0010011010011000
0010011010011001
0010011010011010
0010011010011011
0010011010011100
0010011010011101
0010011010011110
0010011010011111
0010011010100011
0010011010100111
0010011010101111
0010011010110000
0010011010110010
0010011010110011
0010011010110100
0010011010110110
0010011010110111
0010011010111000
0010011010111001
0010011010111010
0010011010111011
0010011010111100
0010011010111101
0010011010111110
0010011010111111
0010011011000011
0010011011000101
0010011011000111
0010011011001001
0010011011001011
0010011011001101
0010011011001111
0010011011010010
0010011011010011
0010011011010100
0010011011010110
0010011011010111
0010011011011000
0010011011011001
0010011011011010
0010011011011011
0010011011011101
0010011011011110
0010011011011111
0010011011100011
0010011011100101
0010011011100111
0010011011101001
0010011011101011
0010011011101101
0010011011101111
0010011011110000
0010011011110010
0010011011110011
0010011011110100
0010011011110101
0010011011110110
0010011011110111
0010011011111000
0010011011111001
0010011011111010
0010011011111100
0010011011111101
0010011100001010
0010011100001011
0010011100001100
0010011100101000
0010011100101001
0010011100101010
0010011100101011
0010011100101100
0010011100101101
0010011100111000
0010011100111001
0010011100111010
0010011100111011
0010011100111100
0010011100111101
0010011101001000
0010011101001001
0010011101001010
0010011101001011
0010011101001100
0010011101001101
0010011101001110
0010011101001111
0010011101011000
0010011101011001
0010011101011010
0010011101011011
0010011101011100
0010011101011101
0010011101011110
0010011101011111
0010011101101001
0010011101101010
0010011101101011
0010011101101100
0010011101101101
0010011101111000
0010011101111001
0010011101111010
0010011101111011
0010011101111100
0010011101111101
0010011110000011
0010011110000101
0010011110000110
0010011110000111
0010011110001001
0010011110001010
0010011110001011
0010011110001100
0010011110001101
0010011110001110
0010011110001111
0010011110010010
0010011110010011
0010011110010100
0010011110010110
0010011110010111
0010011110011000
0010011110011001
0010011110011010
0010011110011011
0010011110011100
0010011110011101
0010011110011110
0010011110011111
0010011110100010
0010011110100011
0010011110100100
0010011110100110
0010011110100111
0010011110101000
0010011110101011
0010011110101100
0010011110101101
0010011110110000
0010011110110010
0010011110110011
0010011110110100
0010011110110101
0010011110110110
0010011110110111
0010011110111000
0010011110111001
0010011110111010
0010011110111011
0010011110111100
0010011110111101
0010011111000010
0010011111000011
0010011111000100
0010011111000101
0010011111000110
0010011111000111
0010011111001000
0010011111001001
0010011111001010
0010011111001011
0010011111001100
0010011111001101
0010011111001110
0010011111001111
0010011111010000
0010011111010010
0010011111010011
0010011111010100
0010011111010110
0010011111010111
0010011111011011
0010011111011100
0010011111011101
0010011111011110
0010011111100000
0010011111100010
0010011111100011
0010011111100110
0010011111100111
0010011111101000
0010011111101011
0010011111101100
0010011111101101
0010100011000111
0010100011001011
0010100011001101
0010100011001111
0010100011010110
0010100011010111
0010100011011010
0010100011011011
0010100011011100
0010100011011101
0010100011011110
0010100011011111
0010100011100011
0010100011100101
0010100011100111
0010100011101001
0010100011101011
0010100011101101
0010100011101111
0010100011110010
0010100011110011
0010100011110100
0010100011110110
0010100011110111
0010100011111000
0010100011111001
0010100011111010
0010100011111011
0010100011111100
0010100101000011
0010100101000110
0010100101001100
0010100101001110
0010100101011000
0010100101011100
0010100101011110
0010100101011111
0010100101100000
0010100101100011
0010100101100100
0010100101100110
0010100101100111
0010100101101000
0010100101101100
0010100101101110
0010100101101111
0010100101110011
0010100101110110
0010100101110111
0010100101111000
0010100101111001
0010100101111010
0010100101111011
0010100101111100
0010100101111101
0010100101111110
0010100111000010
0010100111000011
0010100111000100
0010100111000101
0010100111000110
0010100111000111
0010100111001000
0010100111001001
0010100111001010
0010100111001011
0010100111001100
0010100111001101
0010100111001110
0010100111001111
0010100111010010
0010100111010011
0010100111010100
0010100111010110
0010100111010111
0010100111011000
0010100111011001
0010100111011010
0010100111011011
0010100111011100
0010100111011101
0010100111011110
0010100111011111
0010100111100000
0010100111100010
0010100111100011
0010100111100100
0010100111100110
0010100111100111
0010100111101000
0010100111101011
0010100111101100
0010100111101101
0010100111101110
0010100111101111
0010100111110000
0010100111110010
0010100111110011
0010100111110100
0010100111110110
0010100111110111
0010100111111000
0010100111111011
0010101001000011
0010101001000111
0010101001100011
0010101001100111
0010101001101111
0010101001110000
0010101001110010
0010101001110100
0010101001110110
0010101001110111
0010101001111000
0010101001111011
0010101001111100
0010101011000011
0010101011000111
0010101011001111
0010101011011100
0010101011011110
0010101011011111
0010101011100011
0010101011100111
0010101011101111
0010101011110000
0010101011110010
0010101011110011
0010101011110100
0010101011110110
0010101011110111
0010101011111011
0010101011111100
0010101011111101
0010101101000010
0010101101000011
0010101101000110
0010101101000111
0010101101001100
0010101101001110
0010101101001111
0010101101011110
0010101101011111
0010101101100010
0010101101100011
0010101101100110
0010101101101000
0010101101101100
0010101101110000
0010101101110010
0010101101110011
0010101101110111
0010101101111000
0010101101111001
0010101101111010
0010101101111011
0010101101111100
0010101101111101
0010101111000011
0010101111000101
0010101111000110
0010101111000111
0010101111001000
0010101111001001
0010101111001010
0010101111001011
0010101111001100
0010101111001101
0010101111001110
0010101111001111
0010101111010010
0010101111010011
0010101111010110
0010101111010111
0010101111011000
0010101111011001
0010101111011010
0010101111011011
0010101111011100
0010101111011101
0010101111011110
0010101111100000
0010101111100010
0010101111100110
0010101111100111
0010101111101000
0010101111101001
0010101111101011
0010101111101100
0010101111101101
0010101111110000
0010101111110010
0010101111110011
0010101111110101
0010101111110110
0010110000000111
0010110000001101
0010110000001111
0010110000100101
0010110000100111
0010110000101101
0010110000101111
0010110000110101
0010110000110110
0010110000110111
0010110000111100
0010110000111101
0010110000111110
0010110000111111
0010110001000111
0010110001001101
0010110001001111
0010110001010110
0010110001010111
0010110001011100
0010110001011101
0010110001011110
0010110001011111
0010110001100101
0010110001100111
0010110001101101
0010110001101111
0010110001110100
0010110001110101
0010110001110110
0010110001111100
0010110001111101
0010110001111110
0010110010000111
0010110010001011
0010110010001101
0010110010001111
0010110010010110
0010110010010111
0010110010011010
0010110010011011
0010110010011100
0010110010011101
0010110010011110
0010110010011111
0010110010100011
0010110010100111
0010110010101111
0010110010110100
0010110010110110
0010110010110111
0010110010111011
0010110010111100
0010110010111101
0010110010111110
0010110010111111
0010110011000111
0010110011001011
0010110011001101
0010110011001111
0010110011010110
0010110011010111
0010110011011010
0010110011011011
0010110011011100
0010110011011101
0010110011011110
0010110011011111
0010110011100011
0010110011100101
0010110011100111
0010110011101001
0010110011101011
0010110011101101
0010110011101111
0010110011110010
0010110011110011
0010110011110100
0010110011110101
0010110011110110
0010110011110111
0010110011111000
0010110011111001
0010110011111010
0010110011111011
0010110011111100
0010110011111101
0010110100000011
0010110100000101
0010110100000110
0010110100000111
0010110100001001
0010110100001010
0010110100001011
0010110100001100
0010110100001101
0010110100001110
0010110100100010
0010110100100011
0010110100100100
0010110100100110
0010110100100111
0010110100101000
0010110100101100
0010110100101110
0010110100101111
0010110100110000
0010110100110010
0010110100110011
0010110100110100
0010110100110110
0010110100110111
0010110100111000
0010110100111001
0010110100111010
0010110100111011
0010110100111101
0010110100111110
0010110100111111
0010110101000010
0010110101000011
0010110101000100
0010110101000110
0010110101000111
0010110101001000
0010110101001100
0010110101001110
0010110101001111
0010110101011100
0010110101011110
0010110101011111
0010110101100010
0010110101100011
0010110101100100
0010110101100110
0010110101100111
0010110101101000
0010110101101100
0010110101101110
0010110101101111
0010110101110000
0010110101110010
0010110101110011
0010110101110100
0010110101110110
0010110101110111
0010110101111001
0010110101111010
0010110101111011
0010110101111100
0010110101111101
0010110101111110
0010110110000011
0010110110000101
0010110110000110
0010110110001001
0010110110001010
0010110110001011
0010110110001100
0010110110001101
0010110110001110
0010110110010010
0010110110010011
0010110110010100
0010110110010111
0010110110011000
0010110110011001
0010110110011010
0010110110011011
0010110110011100
0010110110011101
0010110110011110
0010110110011111
0010110110100010
0010110110100011
0010110110100100
0010110110100111
0010110110101000
0010110110101100
0010110110101110
0010110110101111
0010110110110000
0010110110110010
0010110110110011
0010110110110110
0010110110111001
0010110110111010
0010110110111011
0010110110111100
0010110110111101
0010110110111110
0010110111000100
0010110111000101
0010110111000110
0010110111000111
0010110111001001
0010110111001010
0010110111001011
0010110111001100
0010110111001101
0010110111001110
0010110111001111
0010110111010100
0010110111010110
0010110111010111
0010110111011000
0010110111011001
0010110111011010
0010110111011011
0010110111011100
0010110111011101
0010110111011110
0010110111100000
0010110111100011
0010110111100100
0010110111100101
0010110111100110
0010110111100111
0010110111101000
0010110111101001
0010110111101010
0010110111101011
0010110111101100
0010110111101101
0010110111101110
0010110111110010
0010110111110011
0010110111110100
0010110111110101
0010110111110110
0010110111110111
0010110111111000
0010110111111001
0010110111111010
0010110111111011
0010111000000011
0010111000000101
0010111000000111
0010111000001001
0010111000001011
0010111000001101
0010111000100011
0010111000100101
0010111000100111
0010111000101001
0010111000101011
0010111000101101
0010111000101111
0010111000110000
0010111000110010
0010111000110011
0010111000110100
0010111000110101
0010111000110110
0010111000110111
0010111000111000
0010111000111001
0010111000111010
0010111000111011
0010111000111100
0010111000111110
0010111000111111
0010111001000011
0010111001000101
0010111001000111
0010111001001001
0010111001001011
0010111001001101
0010111001001111
0010111001100011
0010111001100101
0010111001100111
0010111001101011
0010111001101101
0010111001101111
0010111001110000
0010111001110010
0010111001110011
0010111001110101
0010111001110110
0010111001110111
0010111001111000
0010111001111010
0010111001111011
0010111001111100
0010111001111101
0010111001111110
0010111010000011
0010111010000101
0010111010000111
0010111010001001
0010111010001011
0010111010001101
0010111010001111
0010111010010010
0010111010010011
0010111010010100
0010111010010110
0010111010011000
0010111010011001
0010111010011010
0010111010011011
0010111010011100
0010111010011101
0010111010011110
0010111010011111
0010111010100011
0010111010100111
0010111010101111
0010111010110000
0010111010110010
0010111010110011
0010111010110100
0010111010110110
0010111010111000
0010111010111001
0010111010111011
0010111010111100
0010111010111101
0010111010111110
0010111011000011
0010111011000101
0010111011000111
0010111011001001
0010111011001011
0010111011001101
0010111011001111
0010111011010100
0010111011010110
0010111011010111
0010111011011001
0010111011011010
0010111011011011
0010111011011100
0010111011011101
0010111011011110
0010111011100101
0010111011100111
0010111011101001
0010111011101011
0010111011101101
0010111011101111
0010111011110011
0010111011110100
0010111011110101
0010111011110110
0010111011110111
0010111011111000
0010111011111001
0010111011111010
0010111011111011
0010111011111100
0010111011111101
0010111100000011
0010111100000101
0010111100000110
0010111100000111
0010111100001001
0010111100001010
0010111100001011
0010111100001100
0010111100001101
0010111100100010
0010111100100011
0010111100100100
0010111100100101
0010111100100110
0010111100100111
0010111100101000
0010111100101001
0010111100101010
0010111100101011
0010111100101100
0010111100101101
0010111100110000
0010111100110010
0010111100110011
0010111100110100
0010111100110101
0010111100110110
0010111100110111
0010111100111000
0010111100111001
0010111100111010
0010111100111011
0010111100111100
0010111100111101
0010111101000010
0010111101000110
0010111101000111
0010111101001000
0010111101001001
0010111101001010
0010111101001011
0010111101001100
0010111101001110
0010111101001111
0010111101010000
0010111101010010
0010111101010011
0010111101010100
0010111101010110
0010111101010111
0010111101011000
0010111101011001
0010111101011010
0010111101011011
0010111101011101
0010111101011110
0010111101011111
0010111101100000
0010111101100010
0010111101100011
0010111101100100
0010111101100101
0010111101100110
0010111101100111
0010111101101000
0010111101101001
0010111101101010
0010111101101100
0010111101101101
0010111101110000
0010111101110010
0010111101110011
0010111101110100
0010111101110101
0010111101110110
0010111101110111
0010111101111000
0010111101111001
0010111101111011
0010111101111100
0010111101111101
0010111110000011
0010111110000101
0010111110000110
0010111110000111
0010111110001010
0010111110001011
0010111110001100
0010111110001101
0010111110001110
0010111110001111
0010111110010010
0010111110010011
0010111110010101
0010111110010110
0010111110010111
0010111110011001
0010111110011010
0010111110011011
0010111110011100
0010111110011101
0010111110011110
0010111110011111
0010111110100010
0010111110100011
0010111110100100
0010111110100101
0010111110100110
0010111110101000
0010111110101001
0010111110101011
0010111110101100
0010111110101101
0010111110110000
0010111110110010
0010111110110011
0010111110110100
0010111110110101
0010111110110111
0010111110111000
0010111110111001
0010111110111010
0010111110111011
0010111110111100
0010111110111101
0010111111000010
0010111111000011
0010111111000100
0010111111000110
0010111111000111
0010111111001001
0010111111001010
0010111111001011
0010111111001100
0010111111001101
0010111111001110
0010111111001111
0010111111010010
0010111111010011
0010111111010110
0010111111010111
0010111111011000
0010111111011001
0010111111011010
0010111111011011
0010111111011100
0010111111011101
0010111111011110
0011000011000110
0011000011000111
0011000011001010
0011000011001011
0011000011001100
0011000011001101
0011000011001110
0011000011001111
0011000011010110
0011000011010111
0011000011011010
0011000011011011
0011000011011100
0011000011011101
0011000011011110
0011000011100010
0011000011100011
0011000011100100
0011000011100101
0011000011100110
0011000011100111
0011000011101000
0011000011101001
0011000011101010
0011000011101011
0011000011101100
0011000011101101
0011000011110010
0011000011110110
0011000011110111
0011000011111001
0011000011111010
0011000011111011
0011001011000010
0011001011000110
0011001011000111
0011001011001000
0011001011001001
0011001011001010
0011001011001011
0011001011001100
0011001011001101
0011001011001110
0011001011001111
0011001011010010
0011001011010011
0011001011010100
0011001011010110
0011001011010111
0011001011011000
0011001011011001
0011001011011010
0011001011011011
0011001011011101
0011001011011110
0011001011011111
0011001011100000
0011001011100010
0011001011100011
0011001011100100
0011001011100101
0011001011100110
0011001011100111
0011001011101000
0011001011101001
0011001011101010
0011001011101011
0011001011101100
0011001011101101
0011001011101110
0011001011101111
0011001011110000
0011001011110010
0011001011110011
0011001011110100
0011001011110101
0011001011110110
0011001011110111
0011001011111000
0011001011111001
0011001011111010
0011001011111011
0011001011111100
0011001011111101
0011001101001010
0011001101001100
0011001101001110
0011001101001111
0011001101011000
0011001101011001
0011001101011010
0011001101011011
0011001101011100
0011001101011101
0011001101011110
0011001101011111
0011001101101000
0011001101101001
0011001101101010
0011001101101011
0011001101101100
0011001101101101
0011001101111000
0011001101111001
0011001101111010
0011001101111011
0011001101111100
0011001101111101
0011001111000010
0011001111000011
0011001111000100
0011001111000101
0011001111000110
0011001111000111
0011001111001000
0011001111001001
0011001111001010
0011001111001011
0011001111001101
0011001111001110
0011001111001111
0011001111010000
0011001111010010
0011001111010110
0011001111010111
0011001111011010
0011001111011100
0011001111011110
0011001111100000
0011001111100010
0011001111100011
0011001111100100
0011001111100101
0011001111100110
0011001111100111
0011001111101000
0011001111101001
0011001111101010
0011001111101011
0011001111101100
0011001111101101
0011001111110000
0011001111110010
0011001111110110
0011001111110111
0011010010000110
0011010010000111
0011010010001010
0011010010001100
0011010010001110
0011010010010110
0011010010010111
0011010010011010
0011010010011100
0011010010011110
0011010010011111
0011010010100010
0011010010100011
0011010010100100
0011010010100110
0011010010100111
0011010010101000
0011010010101100
0011010010101110
0011010010101111
0011010010110010
0011010010110110
0011010010110111
0011010010111010
0011010010111100
0011010010111110
0011010010111111
0011010011000110
0011010011000111
0011010011001010
0011010011001011
0011010011001100
0011010011001101
0011010011001110
0011010011001111
0011010011010110
0011010011010111
0011010011011010
0011010011011100
0011010011011110
0011010011011111
0011010011100010
0011010011100011
0011010011100100
0011010011100101
0011010011100110
0011010011100111
0011010011101000
0011010011101001
0011010011101010
0011010011101011
0011010011101100
0011010011101101
0011010011101110
0011010011101111
0011010011110010
0011010011110011
0011010011110100
0011010011110110
0011010011110111
0011010011111000
0011010011111001
0011010011111010
0011010011111011
0011010011111100
0011010100001001
0011010100001010
0011010100001011
0011010100001100
0011010100001101
0011010100001110
0011010100001111
0011010100111000
0011010100111001
0011010100111010
0011010100111011
0011010100111100
0011010100111110
0011010101001000
0011010101001100
0011010101001110
0011010101011100
0011010101011110
0011010101011111
0011010101101000
0011010101101100
0011010101101110
0011010101101111
0011010101111011
0011010101111100
0011010101111101
0011010101111110
0011010110000011
0011010110000101
0011010110000110
0011010110000111
0011010110001001
0011010110001010
0011010110001011
0011010110001100
0011010110001101
0011010110001110
0011010110001111
0011010110010010
0011010110010011
0011010110010100
0011010110010110
0011010110010111
0011010110011000
0011010110011001
0011010110011010
0011010110011011
0011010110011100
0011010110011101
0011010110011110
0011010110011111
0011010110100010
0011010110100011
0011010110100100
0011010110100111
0011010110101000
0011010110101110
0011010110101111
0011010110110000
0011010110110010
0011010110110011
0011010110110100
0011010110110110
0011010110111000
0011010110111001
0011010110111010
0011010110111011
0011010110111100
0011010110111101
0011010110111110
0011010111000010
0011010111000011
0011010111000100
0011010111000101
0011010111000110
0011010111000111
0011010111001001
0011010111001010
0011010111001011
0011010111001100
0011010111001101
0011010111001110
0011010111001111
0011010111010010
0011010111010011
0011010111010100
0011010111010110
0011010111010111
0011010111011000
0011010111011010
0011010111011011
0011010111011100
0011010111011101
0011010111011110
0011010111100000
0011010111100010
0011010111100011
0011010111100100
0011010111100101
0011010111100110
0011010111100111
0011010111101000
0011010111101001
0011010111101011
0011010111101100
0011010111101101
0011010111101110
0011010111101111
0011010111110000
0011010111110010
0011010111110011
0011010111110100
0011010111110101
0011010111110110
0011010111110111
0011010111111000
0011010111111001
0011010111111010
0011011010000011
0011011010000101
0011011010000110
0011011010000111
0011011010001001
0011011010001010
0011011010001011
0011011010001100
0011011010001101
0011011010001110
0011011010001111
0011011010010010
0011011010010011
0011011010010100
0011011010010110
0011011010010111
0011011010011000
0011011010011001
0011011010011010
0011011010011011
0011011010011101
0011011010011110
0011011010011111
0011011010100010
0011011010100011
0011011010100100
0011011010100110
0011011010100111
0011011010101000
0011011010101100
0011011010101110
0011011010101111
0011011010110000
0011011010110010
0011011010110011
0011011010110100
0011011010110110
0011011010110111
0011011010111000
0011011010111001
0011011010111010
0011011010111011
0011011010111100
0011011010111101
0011011010111110
0011011011000010
0011011011000011
0011011011000100
0011011011000101
0011011011000110
0011011011000111
0011011011001000
0011011011001010
0011011011001011
0011011011001100
0011011011001101
0011011011001110
0011011011001111
0011011011010010
0011011011010011
0011011011010100
0011011011010110
0011011011010111
0011011011011010
0011011011011101
0011011011011110
0011011011011111
0011011011100010
0011011011100011
0011011011100100
0011011011100101
0011011011100110
0011011011100111
0011011011101000
0011011011101001
0011011011101010
0011011011101011
0011011011101100
0011011011101101
0011011011101111
0011011011110000
0011011011110010
0011011011110011
0011011011110100
0011011011110101
0011011011110110
0011011011110111
0011011011111000
0011011011111001
0011011011111010
0011011011111011
0011011011111100
0011011011111101
0011011100001001
0011011100001011
0011011100001101
0011011100001111
0011011100101001
0011011100101010
0011011100101011
0011011100111001
0011011100111010
0011011100111011
0011011100111101
0011011101001000
0011011101001001
0011011101001010
0011011101001011
0011011101001100
0011011101001101
0011011101001110
0011011101001111
0011011101011000
0011011101011001
0011011101011010
0011011101011011
0011011101011100
0011011101011101
0011011101011110
0011011101011111
0011011101101000
0011011101101010
0011011101101011
0011011101101100
0011011101101101
0011011101111000
0011011101111001
0011011101111010
0011011101111011
0011011101111100
0011011101111101
0011011110000110
0011011110000111
0011011110001001
0011011110001010
0011011110001011
0011011110001101
0011011110001111
0011011110010010
0011011110010011
0011011110010100
0011011110010101
0011011110010110
0011011110010111
0011011110011000
0011011110011001
0011011110011010
0011011110011011
0011011110011100
0011011110011101
0011011110011110
0011011110011111
0011011110100010
0011011110100011
0011011110100100
0011011110100101
0011011110100110
0011011110100111
0011011110101000
0011011110101001
0011011110101010
0011011110101011
0011011110101100
0011011110101101
0011011110110000
0011011110110010
0011011110110110
0011011110110111
0011011110111001
0011011110111010
0011011110111011
0011011110111101
0011011111000010
0011011111000011
0011011111000100
0011011111000101
0011011111000110
0011011111000111
0011011111001001
0011011111001010
0011011111001011
0011011111001100
0011011111001101
0011011111001110
0011011111001111
0011011111010000
0011011111010010
0011011111010011
0011011111010100
0011011111010110
0011011111010111
0011011111011000
0011011111011001
0011011111011010
0011011111011011
0011011111011100
0011011111011101
0011011111011110
0011011111100000
0011011111100010
0011011111100011
0011011111100100
0011011111100101
0011011111100110
0011011111100111
0011011111101000
0011011111101001
0011011111101010
0011011111101011
0011011111101101
0011100001000110
0011100001001010
0011100001001100
0011100001001110
0011100001001111
0011100001010111
0011100001011010
0011100001011011
0011100001011100
0011100001011101
0011100001011110
0011100001011111
0011100001100010
0011100001100011
0011100001100100
0011100001100110
0011100001100111
0011100001101000
0011100001101001
0011100001101010
0011100001101011
0011100001101100
0011100001101101
0011100001101110
0011100001101111
0011100001110010
0011100001110101
0011100001110110
0011100001110111
0011100001111000
0011100001111010
0011100001111011
0011100001111100
0011100001111101
0011100001111110
0011100011000110
0011100011000111
0011100011001010
0011100011001011
0011100011001100
0011100011001101
0011100011001110
0011100011001111
0011100011010110
0011100011010111
0011100011011010
0011100011011100
0011100011011110
0011100011011111
0011100011100010
0011100011100011
0011100011100100
0011100011100101
0011100011100110
0011100011100111
0011100011101000
0011100011101001
0011100011101010
0011100011101011
0011100011101100
0011100011101101
0011100011101110
0011100011101111
0011100011110010
0011100011110110
0011100011110111
0011100011111001
0011100011111010
0011100011111011
0011100011111101
0011100101000010
0011100101000101
0011100101000110
0011100101000111
0011100101001010
0011100101001100
0011100101001110
0011100101001111
0011100101010010
0011100101010011
0011100101010100
0011100101010110
0011100101011000
0011100101011001
0011100101011010
0011100101011011
0011100101011100
0011100101011101
0011100101011110
0011100101011111
0011100101100000
0011100101100011
0011100101100100
0011100101100101
0011100101100111
0011100101101000
0011100101101001
0011100101101010
0011100101101011
0011100101101101
0011100101101110
0011100101101111
0011100101110000
0011100101110010
0011100101110011
0011100101110100
0011100101110110
0011100101110111
0011100101111000
0011100101111001
0011100101111010
0011100101111011
0011100101111100
0011100101111101
0011100101111110
0011100111000010
0011100111000011
0011100111000100
0011100111000101
0011100111000110
0011100111000111
0011100111001000
0011100111001001
0011100111001010
0011100111001011
0011100111001100
0011100111001101
0011100111001110
0011100111001111
0011100111010010
0011100111010110
0011100111010111
0011100111011010
0011100111011100
0011100111011110
0011100111011111
0011100111100000
0011100111100010
0011100111100011
0011100111100100
0011100111100101
0011100111100110
0011100111100111
0011100111101000
0011100111101001
0011100111101010
0011100111101011
0011100111101100
0011100111101101
0011100111101110
0011100111101111
0011100111110000
0011100111110010
0011100111110011
0011100111110100
0011100111110110
0011100111110111
0011100111111000
0011100111111001
0011100111111010
0011100111111011
0011101001000010
0011101001000011
0011101001000100
0011101001000101
0011101001000110
0011101001000111
0011101001001000
0011101001001010
0011101001001011
0011101001001100
0011101001001101
0011101001001110
0011101001001111
0011101001100000
0011101001100010
0011101001100011
0011101001100100
0011101001100101
0011101001100110
0011101001101000
0011101001101001
0011101001101010
0011101001101011
0011101001101100
0011101001101101
0011101001101110
0011101001101111
0011101001110000
0011101001110010
0011101001110100
0011101001110111
0011101001111000
0011101001111001
0011101001111010
0011101001111011
0011101001111100
0011101001111110
0011101011000010
0011101011000011
0011101011000100
0011101011000101
0011101011000110
0011101011000111
0011101011001000
0011101011001001
0011101011001010
0011101011001011
0011101011001100
0011101011001101
0011101011001110
0011101011001111
0011101011010010
0011101011010011
0011101011010100
0011101011010110
0011101011010111
0011101011011000
0011101011011001
0011101011011010
0011101011011011
0011101011011100
0011101011011101
0011101011011110
0011101011011111
0011101011100000
0011101011100010
0011101011100011
0011101011100100
0011101011100101
0011101011100110
0011101011100111
0011101011101000
0011101011101001
0011101011101011
0011101011101100
0011101011101101
0011101011101110
0011101011101111
0011101011110000
0011101011110010
0011101011110011
0011101011110100
0011101011110101
0011101011110110
0011101011110111
0011101011111000
0011101011111001
0011101011111010
0011101011111011
0011101011111100
0011101011111101
0011101101000010
0011101101000101
0011101101000110
0011101101000111
0011101101001100
0011101101001110
0011101101001111
0011101101010000
0011101101010010
0011101101010011
0011101101010110
0011101101010111
0011101101011000
0011101101011010
0011101101011011
0011101101011100
0011101101011101
0011101101011110
0011101101011111
0011101101100000
0011101101100010
0011101101100011
0011101101100101
0011101101100110
0011101101100111
0011101101101001
0011101101101010
0011101101101011
0011101101101100
0011101101101101
0011101101110000
0011101101110010
0011101101110011
0011101101110101
0011101101110110
0011101101111000
0011101101111001
0011101101111010
0011101101111011
0011101101111100
0011101101111101
0011101111001000
0011101111001001
0011101111001010
0011101111001011
0011101111010000
0011101111010010
0011101111011010
0011101111100010
0011101111100011
0011101111101000
0011101111101001
0011101111101010
0011101111101011
0011101111110000
0011101111110010
0011110000000110
0011110000001010
0011110000001011
0011110000001100
0011110000001101
0011110000001110
0011110000100010
0011110000100011
0011110000100100
0011110000100110
0011110000100111
0011110000101000
0011110000101001
0011110000101010
0011110000101011
0011110000101100
0011110000101110
0011110000101111
0011110000110010
0011110000110011
0011110000110100
0011110000110101
0011110000110110
0011110000110111
0011110000111000
0011110000111001
0011110000111010
0011110000111011
0011110000111101
0011110000111110
0011110001000110
0011110001000111
0011110001001010
0011110001001100
0011110001001101
0011110001001110
0011110001001111
0011110001010110
0011110001010111
0011110001011011
0011110001011100
0011110001011101
0011110001011110
0011110001011111
0011110001100010
0011110001100011
0011110001100100
0011110001100101
0011110001100110
0011110001100111
0011110001101000
0011110001101010
0011110001101011
0011110001101100
0011110001101101
0011110001101110
0011110001101111
0011110001110010
0011110001110011
0011110001110100
0011110001110101
0011110001110110
0011110001110111
0011110001111001
0011110001111010
0011110001111011
0011110001111100
0011110001111101
0011110001111110
0011110010000110
0011110010001010
0011110010001011
0011110010001100
0011110010001101
0011110010001110
0011110010001111
0011110010010111
0011110010011010
0011110010011011
0011110010011100
0011110010011101
0011110010011110
0011110010011111
0011110010100010
0011110010100011
0011110010100100
0011110010100110
0011110010100111
0011110010101000
0011110010101011
0011110010101100
0011110010101101
0011110010101110
0011110010101111
0011110010110010
0011110010110101
0011110010110110
0011110010110111
0011110010111000
0011110010111010
0011110010111011
0011110010111100
0011110010111101
0011110010111110
0011110010111111
0011110011000110
0011110011000111
0011110011001010
0011110011001011
0011110011001100
0011110011001101
0011110011001110
0011110011001111
0011110011010110
0011110011010111
0011110011011010
0011110011011011
0011110011011100
0011110011011101
0011110011011110
0011110011011111
0011110011100010
0011110011100011
0011110011100100
0011110011100101
0011110011100110
0011110011100111
0011110011101000
0011110011101001
0011110011101010
0011110011101011
0011110011101100
0011110011101101
0011110011101110
0011110011101111
0011110011110010
0011110011110011
0011110011110100
0011110011110110
0011110011110111
0011110011111000
0011110011111001
0011110011111010
0011110011111011
0011110011111100
0011110100000110
0011110100000111
0011110100001011
0011110100001101
0011110100001111
0011110100100010
0011110100100111
0011110100101011
0011110100101101
0011110100101111
0011110100110000
0011110100110010
0011110100110110
0011110100110111
0011110100111010
0011110101000010
0011110101000110
0011110101000111
0011110101001110
0011110101011110
0011110101011111
0011110101100000
0011110101100010
0011110101100011
0011110101100100
0011110101100101
0011110101100110
0011110101100111
0011110101101000
0011110101101001
0011110101101011
0011110101101100
0011110101101101
0011110101101110
0011110101101111
0011110101110000
0011110101110010
0011110101110011
0011110101110100
0011110101110101
0011110101110110
0011110101110111
0011110101111000
0011110101111010
0011110101111011
0011110101111100
0011110101111101
0011110101111110
0011110110000110
0011110110000111
0011110110001010
0011110110001111
0011110110010010
0011110110010101
0011110110010110
0011110110011010
0011110110011100
0011110110011110
0011110110011111
0011110110100010
0011110110100011
0011110110100100
0011110110100101
0011110110100111
0011110110101000
0011110110101001
0011110110101010
0011110110101011
0011110110101100
0011110110101101
0011110110101110
0011110110101111
0011110110110000
0011110110110010
0011110110110110
0011110110110111
0011110110111010
0011110111000010
0011110111000101
0011110111000110
0011110111000111
0011110111001000
0011110111001010
0011110111001011
0011110111001100
0011110111001101
0011110111001110
0011110111001111
0011110111010110
0011110111010111
0011110111011010
0011110111011100
0011110111011110
0011110111100100
0011110111100101
0011110111100110
0011110111100111
0011110111101000
0011110111101001
0011110111101010
0011110111101011
0011110111101100
0011110111101101
0011110111101110
0011110111110000
0011110111110010
0011110111110110
0011110111111001
0011110111111010
0011111000000110
0011111000001001
0011111000001010
0011111000001011
0011111000001100
0011111000001101
0011111000001110
0011111000100010
0011111000100011
0011111000100100
0011111000100101
0011111000100110
0011111000101000
0011111000101001
0011111000101010
0011111000101011
0011111000101100
0011111000101101
0011111000101110
0011111000110000
0011111000110010
0011111000110011
0011111000110100
0011111000110101
0011111000110110
0011111000110111
0011111000111000
0011111000111001
0011111000111010
0011111000111011
0011111000111100
0011111000111101
0011111001000010
0011111001000011
0011111001000100
0011111001000101
0011111001000110
0011111001000111
0011111001001000
0011111001001001
0011111001001010
0011111001001011
0011111001001100
0011111001001110
0011111001001111
0011111001100000
0011111001100010
0011111001100011
0011111001100100
0011111001100101
0011111001100110
0011111001100111
0011111001101000
0011111001101001
0011111001101010
0011111001101100
0011111001101101
0011111001101110
0011111001101111
0011111001110000
0011111001110010
0011111001110011
0011111001110100
0011111001110110
0011111001110111
0011111001111000
0011111001111001
0011111001111011
0011111001111110
0011111010000011
0011111010000101
0011111010000110
0011111010000111
0011111010001010
0011111010001011
0011111010001100
0011111010001101
0011111010001110
0011111010001111
0011111010010010
0011111010010011
0011111010010100
0011111010010110
0011111010010111
0011111010011001
0011111010011010
0011111010011011
0011111010011100
0011111010011110
0011111010100010
0011111010100011
0011111010100100
0011111010100110
0011111010101000
0011111010101011
0011111010101100
0011111010101101
0011111010101110
0011111010101111
0011111010110000
0011111010110010
0011111010110011
0011111010110100
0011111010110101
0011111010111000
0011111010111001
0011111010111010
0011111010111011
0011111010111100
0011111010111101
0011111010111110
0011111011000010
0011111011000011
0011111011000100
0011111011000110
0011111011000111
0011111011001000
0011111011001001
0011111011001010
0011111011001011
0011111011001100
0011111011001101
0011111011001110
0011111011001111
0011111011010010
0011111011010110
0011111011010111
0011111011011000
0011111011011010
0011111011011011
0011111011011100
0011111011011101
0011111011011110
0011111011100000
0011111011100101
0011111011100110
0011111011100111
0011111011101000
0011111011101001
0011111011101010
0011111011101011
0011111011101100
0011111011101101
0011111011101110
0011111011110100
0011111011110110
0011111011111001
0011111011111010
0011111011111100
0011111100000101
0011111100000110
0011111100001001
0011111100001010
0011111100001011
0011111100001100
0011111100001101
0011111100001110
0011111100100110
0011111100100111
0011111100101011
0011111100101100
0011111100101101
0011111100110000
0011111100110010
0011111100110011
0011111100110100
0011111100110110
0011111100110111
0011111100111000
0011111100111001
0011111100111010
0011111100111011
0011111100111100
0011111101000010
0011111101000011
0011111101000100
0011111101000110
0011111101000111
0011111101001011
0011111101001100
0011111101010000
0011111101010110
0011111101010111
0011111101011000
0011111101011001
0011111101011010
0011111101011011
0011111101011100
0011111101011110
0011111101100000
0011111101100010
0011111101100011
0011111101100100
0011111101100101
0011111101100110
0011111101100111
0011111101101000
0011111101101001
0011111101101010
0011111101101011
0011111101101101
0011111101110000
0011111101110010
0011111101110011
0011111101110100
0011111101110110
0011111101111000
0011111101111001
0011111101111010
0011111101111100
