0010001100101001
0010001100101010
0010001100111000
0010001100111001
0010001100111010
0010001101001000
0010001101001010
0010001101011000
0010001101011001
0010001101011010
0010001101101000
0010001101101010
0010001101101110
0010001101111000
0010001101111001
0010001101111010
0010001101111011
0010001101111110
0010001110001000
0010001110001001
0010001110001010
0010001110001011
0010001110001100
0010001110001101
0010001110001110
0010001110001111
0010001110010010
0010001110010011
0010001110010100
0010001110010101
0010001110010110
0010001110010111
0010001110011000
0010001110011001
0010001110011010
0010001110011011
0010001110011100
0010001110011101
0010001110011110
0010001110011111
0010001110100010
0010001110100011
0010001110100100
0010001110100101
0010001110100110
0010001110100111
0010001110101000
0010001110101001
0010001110101011
0010001110101100
0010001110101101
0010001110101110
0010001110101111
0010001110110010
0010001110110011
0010001110110101
0010001110110111
0010001110111000
0010001110111001
0010001110111010
0010001110111011
0010001110111100
0010001110111101
0010001110111110
0010001110111111
0010001111000101
0010001111000110
0010001111000111
0010001111001000
0010001111001001
0010001111001010
0010001111001011
0010001111001100
0010001111001101
0010001111001110
0010001111001111
0010001111010000
0010001111010010
0010001111010011
0010001111010100
0010001111010110
0010001111010111
0010001111011000
0010001111011001
0010001111011010
0010001111011011
0010001111011101
0010001111011110
0010001111011111
0010001111100000
0010001111100010
0010001111100011
0010001111100100
0010001111100101
0010001111100110
0010001111100111
0010001111101000
0010001111101001
0010001111101010
0010001111101011
0010001111101100
0010001111101101
0010001111101110
0010001111101111
0010001111110000
0010001111110010
0010001111110011
0010001111110100
0010001111110110
0010001111110111
0010010100111000
0010010100111001
0010010100111010
0010010101011000
0010010101101000
0010010101101110
0010010101111000
0010010101111001
0010010101111010
0010010101111011
0010010101111110
0010010110001000
0010010110001001
0010010110001010
0010010110001100
0010010110001101
0010010110001110
0010010110001111
0010010110010010
0010010110010011
0010010110010100
0010010110010110
0010010110010111
0010010110011000
0010010110011001
0010010110011010
0010010110011011
0010010110011100
0010010110011101
0010010110011110
0010010110011111
0010010110100010
0010010110100011
0010010110100110
0010010110100111
0010010110101000
0010010110101100
0010010110101110
0010010110101111
0010010110110010
0010010110110011
0010010110110100
0010010110110110
0010010110111001
0010010110111010
0010010110111011
0010010110111101
0010010110111110
0010010110111111
0010010111000100
0010010111000101
0010010111000110
0010010111000111
0010010111001000
0010010111001001
0010010111001010
0010010111001011
0010010111001100
0010010111001101
0010010111001110
0010010111001111
0010010111010000
0010010111010010
0010010111010011
0010010111010100
0010010111010110
0010010111010111
0010010111011000
0010010111011001
0010010111011010
0010010111011011
0010010111011100
0010010111011101
0010010111011110
0010010111011111
0010010111100000
0010010111100010
0010010111100011
0010010111100100
0010010111100101
0010010111100110
0010010111100111
0010010111101000
0010010111101001
0010010111101010
0010010111101011
0010010111101100
0010010111101101
0010010111101110
0010010111101111
0010010111110000
0010010111110010
0010010111110011
0010010111110100
0010010111110101
0010010111110110
0010010111110111
0010010111111001
0010010111111010
0010010111111011
0010011000101001
0010011000111000
0010011000111001
0010011000111010
0010011001011000
0010011001011001
0010011001011010
0010011001101001
0010011001101011
0010011001111000
0010011001111001
0010011001111010
0010011001111011
0010011001111110
0010011010001001
0010011010001011
0010011010001101
0010011010001111
0010011010010010
0010011010010100
0010011010010110
0010011010010111
0010011010011000
0010011010011001
0010011010011010
0010011010011011
0010011010011100
0010011010011101
0010011010011110
0010011010011111
0010011010100111
0010011010101111
0010011010110010
0010011010110110
0010011010110111
0010011010111000
0010011010111001
0010011010111010
0010011010111011
0010011010111100
0010011010111101
0010011010111110
0010011010111111
0010011011000101
0010011011000111
0010011011001001
0010011011001011
0010011011001101
0010011011001111
0010011011010000
0010011011010010
0010011011010100
0010011011010110
0010011011010111
0010011011011000
0010011011011001
0010011011011010
0010011011011011
0010011011011101
0010011011011110
0010011011011111
0010011011100101
0010011011100111
0010011011101001
0010011011101011
0010011011101101
0010011011101111
0010011011110000
0010011011110010
0010011011110100
0010011011110101
0010011011110110
0010011011110111
0010011011111000
0010011011111001
0010011011111010
0010011011111100
0010011011111101
0010011100101000
0010011100101001
0010011100101010
0010011100111000
0010011100111001
0010011100111010
0010011101001000
0010011101001001
0010011101001010
0010011101011000
0010011101011001
0010011101011010
0010011101101000
0010011101101001
0010011101101010
0010011101101011
0010011101101110
0010011101111000
0010011101111001
0010011101111010
0010011101111011
0010011110001000
0010011110001001
0010011110001010
0010011110001011
0010011110001100
0010011110001110
0010011110010010
0010011110010011
0010011110010100
0010011110010110
0010011110011000
0010011110011001
0010011110011010
0010011110011011
0010011110011100
0010011110011110
0010011110100000
0010011110100010
0010011110100011
0010011110100100
0010011110100110
0010011110101000
0010011110101011
0010011110101100
0010011110101110
0010011110110000
0010011110110010
0010011110110011
0010011110110100
0010011110110110
0010011110111000
0010011110111001
0010011110111010
0010011110111011
0010011110111100
0010011110111110
0010011111000100
0010011111000110
0010011111001000
0010011111001001
0010011111001010
0010011111001011
0010011111001100
0010011111001110
0010011111010000
0010011111010010
0010011111010011
0010011111010100
0010011111010110
0010011111011011
0010011111011100
0010011111011110
0010011111100000
0010011111100010
0010011111100011
0010011111100110
0010011111101000
0010011111101011
0010011111101100
0010011111101110
0010100100101110
0010100100101111
0010100100110011
0010100100110110
0010100100110111
0010100100111001
0010100100111010
0010100100111011
0010100100111110
0010100101001100
0010100101001110
0010100101011000
0010100101011100
0010100101011110
0010100101011111
0010100101100010
0010100101100011
0010100101100110
0010100101100111
0010100101101000
0010100101101100
0010100101101110
0010100101101111
0010100101110011
0010100101110111
0010100101111000
0010100101111001
0010100101111010
0010100101111011
0010100101111100
0010100101111101
0010100101111110
0010100110001011
0010100110001101
0010100110001110
0010100110001111
0010100110010110
0010100110010111
0010100110011011
0010100110011101
0010100110011110
0010100110011111
0010100110100011
0010100110100110
0010100110100111
0010100110101110
0010100110101111
0010100110110011
0010100110110110
0010100110110111
0010100110111011
0010100110111101
0010100110111110
0010100110111111
0010100111000100
0010100111000101
0010100111000110
0010100111000111
0010100111001011
0010100111001100
0010100111001101
0010100111001110
0010100111001111
0010100111010010
0010100111010011
0010100111010100
0010100111010110
0010100111010111
0010100111011011
0010100111011100
0010100111011101
0010100111011110
0010100111011111
0010100111100011
0010100111100100
0010100111100111
0010100111101100
0010100111101101
0010100111101111
0010100111110011
0010100111110100
0010100111110111
0010101000101111
0010101000110011
0010101000110110
0010101000110111
0010101000111011
0010101000111100
0010101000111110
0010101001011000
0010101001011100
0010101001011110
0010101001011111
0010101001100011
0010101001100111
0010101001101111
0010101001110010
0010101001110011
0010101001110110
0010101001110111
0010101001111000
0010101001111011
0010101001111100
0010101010011100
0010101010111100
0010101010111111
0010101011000111
0010101011001111
0010101011011100
0010101011011110
0010101011011111
0010101011100011
0010101011100111
0010101011101111
0010101011110011
0010101011110100
0010101011110111
0010101011111100
0010101011111101
0010101100101000
0010101100101100
0010101100101110
0010101100101111
0010101100110010
0010101100110011
0010101100110111
0010101100111000
0010101100111001
0010101100111011
0010101100111100
0010101100111101
0010101100111110
0010101100111111
0010101101001000
0010101101001100
0010101101001110
0010101101001111
0010101101011110
0010101101011111
0010101101100010
0010101101100110
0010101101101000
0010101101101100
0010101101101110
0010101101101111
0010101101110000
0010101101110010
0010101101110011
0010101101110100
0010101101110111
0010101101111000
0010101101111001
0010101101111010
0010101101111011
0010101101111100
0010101101111101
0010101101111110
0010101110001011
0010101110001100
0010101110001101
0010101110001110
0010101110001111
0010101110010010
0010101110010011
0010101110010110
0010101110010111
0010101110011011
0010101110011100
0010101110011101
0010101110011110
0010101110011111
0010101110100100
0010101110100110
0010101110100111
0010101110101100
0010101110101111
0010101110110100
0010101110110110
0010101110110111
0010101110111011
0010101110111100
0010101110111101
0010101110111110
0010101111000100
0010101111000101
0010101111000110
0010101111000111
0010101111001011
0010101111001100
0010101111001101
0010101111001110
0010101111001111
0010101111010010
0010101111010011
0010101111010110
0010101111010111
0010101111011011
0010101111011100
0010101111011101
0010101111011110
0010101111100111
0010101111101100
0010101111101101
0010101111110011
0010101111110100
0010101111110101
0010110000101001
0010110000101011
0010110000110110
0010110000111001
0010110000111010
0010110000111110
0010110001001001
0010110001001011
0010110001010010
0010110001010110
0010110001011000
0010110001011010
0010110001011011
0010110001011110
0010110001100011
0010110001100101
0010110001100111
0010110001101001
0010110001101011
0010110001101101
0010110001101111
0010110001110010
0010110001110011
0010110001110100
0010110001110101
0010110001110110
0010110001111000
0010110001111001
0010110001111010
0010110001111011
0010110001111100
0010110001111101
0010110001111110
0010110010001001
0010110010001011
0010110010001101
0010110010001111
0010110010010011
0010110010010110
0010110010010111
0010110010011001
0010110010011010
0010110010011011
0010110010011100
0010110010011101
0010110010011110
0010110010011111
0010110010100011
0010110010100111
0010110010101111
0010110010110110
0010110010110111
0010110010111011
0010110010111100
0010110010111101
0010110010111110
0010110010111111
0010110011000101
0010110011000111
0010110011001001
0010110011001011
0010110011001101
0010110011001111
0010110011010011
0010110011010100
0010110011010110
0010110011010111
0010110011011000
0010110011011001
0010110011011010
0010110011011011
0010110011011100
0010110011011101
0010110011011110
0010110011011111
0010110011100011
0010110011100101
0010110011100111
0010110011101011
0010110011101101
0010110011101111
0010110011110010
0010110011110011
0010110011110100
0010110011110101
0010110011110110
0010110011110111
0010110011111011
0010110011111100
0010110011111101
0010110100101000
0010110100101110
0010110100110010
0010110100110110
0010110100111000
0010110100111001
0010110100111010
0010110100111011
0010110100111110
0010110101001000
0010110101001110
0010110101010000
0010110101011110
0010110101100010
0010110101100011
0010110101100100
0010110101100110
0010110101100111
0010110101101000
0010110101101100
0010110101101110
0010110101101111
0010110101110000
0010110101110010
0010110101110011
0010110101110100
0010110101110110
0010110101110111
0010110101111001
0010110101111010
0010110101111011
0010110101111100
0010110101111101
0010110101111110
0010110110001000
0010110110001001
0010110110001010
0010110110001011
0010110110001100
0010110110001101
0010110110001110
0010110110010010
0010110110010011
0010110110010100
0010110110010111
0010110110011000
0010110110011001
0010110110011010
0010110110011011
0010110110011100
0010110110011101
0010110110011110
0010110110011111
0010110110100010
0010110110100011
0010110110100110
0010110110100111
0010110110101000
0010110110101100
0010110110101110
0010110110101111
0010110110110010
0010110110110011
0010110110110110
0010110110111011
0010110110111100
0010110110111101
0010110110111110
0010110111000100
0010110111000101
0010110111000110
0010110111000111
0010110111001000
0010110111001010
0010110111001011
0010110111001100
0010110111001101
0010110111001110
0010110111001111
0010110111010000
0010110111010100
0010110111010110
0010110111010111
0010110111011000
0010110111011010
0010110111011011
0010110111011100
0010110111011101
0010110111011110
0010110111100000
0010110111100011
0010110111100100
0010110111100101
0010110111100110
0010110111100111
0010110111101011
0010110111101100
0010110111101101
0010110111101110
0010110111110010
0010110111110011
0010110111110100
0010110111110101
0010110111110110
0010110111110111
0010111000101001
0010111000101011
0010111000110010
0010111000110110
0010111000111000
0010111000111001
0010111000111010
0010111000111011
0010111000111110
0010111001001001
0010111001001011
0010111001010000
0010111001010010
0010111001010110
0010111001011000
0010111001011001
0010111001011010
0010111001011110
0010111001100011
0010111001100101
0010111001100111
0010111001101011
0010111001101101
0010111001101111
0010111001110000
0010111001110010
0010111001110011
0010111001110101
0010111001110110
0010111001110111
0010111001111000
0010111001111010
0010111001111011
0010111001111100
0010111001111101
0010111001111110
0010111010001001
0010111010001011
0010111010001101
0010111010001111
0010111010010010
0010111010010011
0010111010010100
0010111010010110
0010111010011000
0010111010011001
0010111010011010
0010111010011011
0010111010011100
0010111010011101
0010111010011110
0010111010011111
0010111010100011
0010111010100111
0010111010101111
0010111010110010
0010111010110011
0010111010110110
0010111010110111
0010111010111000
0010111010111011
0010111010111100
0010111010111101
0010111010111110
0010111011000101
0010111011000111
0010111011001101
0010111011001111
0010111011010000
0010111011010100
0010111011010110
0010111011010111
0010111011011000
0010111011011010
0010111011011011
0010111011011100
0010111011011101
0010111011011110
0010111011100101
0010111011100111
0010111011101011
0010111011101101
0010111011101111
0010111011110011
0010111011110100
0010111011110101
0010111011110110
0010111011110111
0010111100101000
0010111100101001
0010111100101010
0010111100101011
0010111100101110
0010111100110000
0010111100110010
0010111100110110
0010111100111000
0010111100111001
0010111100111010
0010111100111011
0010111101001000
0010111101001001
0010111101001010
0010111101001011
0010111101001110
0010111101010000
0010111101010010
0010111101010110
0010111101011000
0010111101011001
0010111101011010
0010111101011011
0010111101011110
0010111101100000
0010111101100010
0010111101100011
0010111101100100
0010111101100110
0010111101101000
0010111101101001
0010111101101010
0010111101101100
0010111101101110
0010111101110000
0010111101110010
0010111101110011
0010111101110100
0010111101110110
0010111110001000
0010111110001010
0010111110001011
0010111110001100
0010111110001110
0010111110010000
0010111110010010
0010111110010011
0010111110010110
0010111110011001
0010111110011010
0010111110011011
0010111110011100
0010111110011110
0010111110100000
0010111110100010
0010111110100011
0010111110100100
0010111110100110
0010111110101000
0010111110101011
0010111110101100
0010111110101110
0010111110110000
0010111110110010
0010111110110011
0010111110110100
0010111111000110
0010111111001000
0010111111001010
0010111111001011
0010111111001100
0010111111001110
0010111111010010
0010111111010011
0010111111010110
0011001000101000
0011001000101001
0011001000101010
0011001000111000
0011001000111001
0011001000111010
0011001001001000
0011001001001010
0011001001011000
0011001001011001
0011001001011010
0011001001101000
0011001001101001
0011001001101010
0011001001101110
0011001001111000
0011001001111001
0011001001111010
0011001001111011
0011001001111110
0011001010001000
0011001010001001
0011001010001010
0011001010001011
0011001010001100
0011001010001101
0011001010001110
0011001010001111
0011001010010010
0011001010010011
0011001010010100
0011001010010110
0011001010010111
0011001010011000
0011001010011001
0011001010011010
0011001010011011
0011001010011100
0011001010011101
0011001010011110
0011001010011111
0011001010100010
0011001010100011
0011001010100100
0011001010100110
0011001010100111
0011001010101000
0011001010101100
0011001010101110
0011001010101111
0011001010110010
0011001010110011
0011001010110111
0011001010111000
0011001010111001
0011001010111010
0011001010111011
0011001010111100
0011001010111101
0011001010111110
0011001010111111
0011001011000110
0011001011000111
0011001011001000
0011001011001001
0011001011001010
0011001011001011
0011001011001100
0011001011001101
0011001011001110
0011001011001111
0011001011010000
0011001011010010
0011001011010011
0011001011010100
0011001011010110
0011001011010111
0011001011011000
0011001011011001
0011001011011010
0011001011011011
0011001011011101
0011001011011110
0011001011011111
0011001011100000
0011001011100010
0011001011100011
0011001011100100
0011001011100101
0011001011100110
0011001011100111
0011001011101000
0011001011101001
0011001011101010
0011001011101011
0011001011101100
0011001011101101
0011001011101110
0011001011101111
0011001011110000
0011001011110010
0011001011110011
0011001011110100
0011001011110101
0011001011110110
0011001011110111
0011001011111000
0011001011111001
0011001011111010
0011001011111011
0011001011111100
0011001011111101
0011001100101001
0011001100101010
0011001100111010
0011001101001010
0011001101011000
0011001101011001
0011001101011010
0011001101101000
0011001101101001
0011001101101010
0011001101101110
0011001101111000
0011001101111001
0011001101111010
0011001101111011
0011001101111110
0011001110001010
0011001110010010
0011001110010110
0011001110011010
0011001110011100
0011001110011110
0011001110100000
0011001110100010
0011001110100011
0011001110100100
0011001110100110
0011001110101011
0011001110101100
0011001110101110
0011001110110000
0011001110110010
0011001110111010
0011001111000100
0011001111000110
0011001111001000
0011001111001001
0011001111001010
0011001111001011
0011001111001110
0011001111010000
0011001111010010
0011001111010110
0011001111011010
0011001111011100
0011001111011110
0011001111100000
0011001111100010
0011001111100011
0011001111100100
0011001111100110
0011001111101000
0011001111101001
0011001111101010
0011001111101011
0011001111101100
0011001111101110
0011001111110000
0011001111110010
0011001111110110
0011010000101000
0011010000101001
0011010000101010
0011010000111010
0011010001001010
0011010001011000
0011010001011001
0011010001011010
0011010001111000
0011010001111001
0011010001111010
0011010001111110
0011010010001010
0011010010001100
0011010010001110
0011010010010010
0011010010010111
0011010010011010
0011010010011100
0011010010011110
0011010010011111
0011010010100010
0011010010100011
0011010010100100
0011010010100111
0011010010101000
0011010010101100
0011010010101110
0011010010101111
0011010011000100
0011010011000101
0011010011000111
0011010011001000
0011010011001001
0011010011001010
0011010011001100
0011010011001101
0011010011001110
0011010011001111
0011010011010000
0011010011010010
0011010011010111
0011010011011010
0011010011011100
0011010011011110
0011010011011111
0011010011100000
0011010011100010
0011010011100011
0011010011100100
0011010011100101
0011010011100111
0011010011101000
0011010011101001
0011010011101010
0011010011101100
0011010011101101
0011010011101110
0011010011101111
0011010011110000
0011010011110010
0011010011110011
0011010011110100
0011010011110111
0011010011111000
0011010011111001
0011010011111010
0011010011111100
0011010100101000
0011010100111000
0011010100111001
0011010100111010
0011010101001000
0011010101101000
0011010101101110
0011010101111011
0011010101111110
0011010110001000
0011010110001001
0011010110001010
0011010110001011
0011010110001100
0011010110001110
0011010110010000
0011010110010010
0011010110010011
0011010110010100
0011010110010110
0011010110011000
0011010110011001
0011010110011010
0011010110011011
0011010110011100
0011010110011110
0011010110100000
0011010110100010
0011010110100011
0011010110100100
0011010110100110
0011010110101000
0011010110101110
0011010110110000
0011010110110010
0011010110110011
0011010110111000
0011010110111001
0011010110111010
0011010110111011
0011010110111100
0011010110111110
0011010111000100
0011010111000110
0011010111001000
0011010111001001
0011010111001010
0011010111001011
0011010111001100
0011010111001110
0011010111010000
0011010111010010
0011010111010011
0011010111010100
0011010111010110
0011010111011000
0011010111011001
0011010111011010
0011010111011011
0011010111011100
0011010111011110
0011010111100000
0011010111100010
0011010111100011
0011010111100100
0011010111100110
0011010111101000
0011010111101001
0011010111101010
0011010111101011
0011010111101100
0011010111101110
0011010111110000
0011010111110010
0011010111110011
0011010111110100
0011010111110110
0011010111111000
0011010111111001
0011010111111010
0011010111111011
0011011000101000
0011011000101001
0011011000101010
0011011000111000
0011011000111001
0011011000111010
0011011001011000
0011011001011001
0011011001011010
0011011001101000
0011011001101001
0011011001101010
0011011001101110
0011011001111000
0011011001111001
0011011001111010
0011011001111110
0011011010001000
0011011010001001
0011011010001010
0011011010001100
0011011010001110
0011011010010010
0011011010010110
0011011010011000
0011011010011001
0011011010011010
0011011010011110
0011011010100000
0011011010100010
0011011010100110
0011011010101000
0011011010101100
0011011010101110
0011011011000110
0011011011001000
0011011011001010
0011011011001100
0011011011001110
0011011011010000
0011011011010010
0011011011010110
0011011011011010
0011011011011110
0011011011100010
0011011011100110
0011011011101000
0011011011101001
0011011011101010
0011011011101100
0011011011110000
0011011011110010
0011011011110110
0011011011111000
0011011011111001
0011011011111010
0011011011111100
0011011100101010
0011011100111010
0011011101001000
0011011101001010
0011011101011000
0011011101011010
0011011101101000
0011011101101010
0011011101111000
0011011101111010
0011011110001010
0011011110010000
0011011110010010
0011011110011000
0011011110011010
0011011110100010
0011011110101000
0011011110101010
0011011110110000
0011011110110010
0011011110111010
0011011111001010
0011011111010000
0011011111010010
0011011111011000
0011011111011010
0011011111100000
0011011111100010
0011011111101000
0011011111101010
0011100000101010
0011100000101011
0011100000110110
0011100000111010
0011100001001010
0011100001001110
0011100001010010
0011100001011000
0011100001011001
0011100001011010
0011100001011011
0011100001011110
0011100001100010
0011100001100011
0011100001100110
0011100001100111
0011100001101000
0011100001101001
0011100001101010
0011100001101100
0011100001101101
0011100001101110
0011100001101111
0011100001110010
0011100001110101
0011100001110110
0011100001110111
0011100001111000
0011100001111001
0011100001111010
0011100001111011
0011100001111100
0011100001111101
0011100001111110
0011100010001010
0011100010001111
0011100010010101
0011100010010110
0011100010010111
0011100010011010
0011100010011100
0011100010011110
0011100010011111
0011100010100011
0011100010100101
0011100010100110
0011100010100111
0011100010101001
0011100010101011
0011100010101100
0011100010101101
0011100010101110
0011100010101111
0011100010110111
0011100010111010
0011100010111111
0011100011000100
0011100011000101
0011100011000110
0011100011000111
0011100011001000
0011100011001001
0011100011001010
0011100011001011
0011100011001100
0011100011001101
0011100011001110
0011100011001111
0011100011010010
0011100011010101
0011100011010110
0011100011010111
0011100011011010
0011100011011100
0011100011011110
0011100011011111
0011100011100010
0011100011100011
0011100011100100
0011100011100101
0011100011100110
0011100011100111
0011100011101011
0011100011101100
0011100011101101
0011100011101110
0011100011101111
0011100011110010
0011100011110110
0011100011110111
0011100011111011
0011100011111101
0011100100101000
0011100100101001
0011100100101011
0011100100101110
0011100100110110
0011100100111010
0011100100111110
0011100101001010
0011100101001110
0011100101010000
0011100101010010
0011100101010110
0011100101011000
0011100101011001
0011100101011010
0011100101011011
0011100101011110
0011100101100000
0011100101100010
0011100101100011
0011100101100111
0011100101101000
0011100101101001
0011100101101010
0011100101101101
0011100101101110
0011100101101111
0011100101110000
0011100101110010
0011100101110011
0011100101110100
0011100101110111
0011100101111000
0011100101111001
0011100101111010
0011100101111011
0011100101111100
0011100101111101
0011100101111110
0011100110001010
0011100110001100
0011100110001110
0011100110001111
0011100110010101
0011100110010110
0011100110010111
0011100110011010
0011100110011110
0011100110011111
0011100110100100
0011100110100101
0011100110100110
0011100110100111
0011100110101001
0011100110101010
0011100110101011
0011100110101100
0011100110101101
0011100110101110
0011100110101111
0011100110110010
0011100110110101
0011100110110111
0011100110111010
0011100110111100
0011100110111110
0011100111000100
0011100111000101
0011100111000110
0011100111000111
0011100111001000
0011100111001001
0011100111001010
0011100111001011
0011100111001100
0011100111001101
0011100111001110
0011100111001111
0011100111010000
0011100111010010
0011100111010110
0011100111010111
0011100111011010
0011100111011100
0011100111011110
0011100111011111
0011100111100000
0011100111100010
0011100111100011
0011100111100100
0011100111100101
0011100111100110
0011100111100111
0011100111101011
0011100111101100
0011100111101101
0011100111101110
0011100111101111
0011100111110000
0011100111110010
0011100111110011
0011100111110100
0011100111110110
0011100111110111
0011100111111011
0011101000101000
0011101000101001
0011101000101110
0011101000110010
0011101000110110
0011101000111000
0011101000111001
0011101000111011
0011101000111110
0011101001001000
0011101001001010
0011101001001110
0011101001010000
0011101001010010
0011101001010110
0011101001011001
0011101001011010
0011101001011011
0011101001011110
0011101001100000
0011101001100010
0011101001100011
0011101001100101
0011101001100110
0011101001101000
0011101001101001
0011101001101010
0011101001101100
0011101001101101
0011101001101110
0011101001101111
0011101001110000
0011101001110010
0011101001110011
0011101001110100
0011101001110111
0011101001111000
0011101001111001
0011101001111010
0011101001111011
0011101001111100
0011101001111110
0011101010001000
0011101010001001
0011101010001011
0011101010001100
0011101010001101
0011101010001110
0011101010001111
0011101010010010
0011101010010110
0011101010010111
0011101010011000
0011101010011001
0011101010011010
0011101010011011
0011101010011100
0011101010011110
0011101010100110
0011101010101100
0011101010101111
0011101010110111
0011101010111000
0011101010111001
0011101010111011
0011101010111100
0011101010111101
0011101010111110
0011101010111111
0011101011000100
0011101011000101
0011101011000110
0011101011000111
0011101011001000
0011101011001001
0011101011001010
0011101011001011
0011101011001100
0011101011001101
0011101011001110
0011101011001111
0011101011010010
0011101011010011
0011101011010100
0011101011010110
0011101011010111
0011101011011000
0011101011011001
0011101011011010
0011101011011011
0011101011011100
0011101011011101
0011101011011110
0011101011011111
0011101011100000
0011101011100010
0011101011100011
0011101011100100
0011101011100101
0011101011100110
0011101011100111
0011101011101011
0011101011101100
0011101011101101
0011101011101110
0011101011101111
0011101011110000
0011101011110010
0011101011110011
0011101011110100
0011101011110101
0011101011110110
0011101011110111
0011101011111011
0011101011111100
0011101011111101
0011101100101001
0011101100101010
0011101100101011
0011101100110000
0011101100110010
0011101100111010
0011101101010000
0011101101010010
0011101101011000
0011101101011010
0011101101011011
0011101101011110
0011101101110000
0011101101110010
0011101101110011
0011101101111000
0011101101111001
0011101101111010
0011101101111011
0011101101111100
0011101101111110
0011101110001010
0011101110010000
0011101110010010
0011101110011010
0011101110011100
0011101110011110
0011101110100000
0011101110100010
0011101110101000
0011101110101001
0011101110101011
0011101110101100
0011101110101110
0011101110110000
0011101110111010
0011101111001000
0011101111001001
0011101111001010
0011101111001011
0011101111001100
0011101111001110
0011101111010000
0011101111010010
0011101111011010
0011101111011110
0011101111100010
0011101111100011
0011101111101011
0011101111101100
0011101111101110
0011101111110000
0011101111110010
0011110000101000
0011110000101001
0011110000101010
0011110000111000
0011110000111001
0011110000111010
0011110001001000
0011110001001001
0011110001001010
0011110001011000
0011110001011001
0011110001100000
0011110001100010
0011110001100110
0011110001101000
0011110001101010
0011110001101110
0011110001110000
0011110001110010
0011110001110110
0011110001111001
0011110001111010
0011110001111011
0011110001111110
0011110010001000
0011110010001001
0011110010001010
0011110010001011
0011110010001100
0011110010001101
0011110010001110
0011110010001111
0011110010010010
0011110010010011
0011110010010100
0011110010010111
0011110010011000
0011110010011001
0011110010011010
0011110010011011
0011110010011100
0011110010011101
0011110010011110
0011110010011111
0011110010100010
0011110010100011
0011110010100100
0011110010100110
0011110010100111
0011110010101000
0011110010101011
0011110010101100
0011110010101101
0011110010101110
0011110010101111
0011110010110010
0011110010110101
0011110010110111
0011110010111000
0011110010111001
0011110010111010
0011110010111011
0011110010111100
0011110010111101
0011110010111110
0011110010111111
0011110011000101
0011110011000110
0011110011000111
0011110011001000
0011110011001001
0011110011001010
0011110011001011
0011110011001100
0011110011001101
0011110011001110
0011110011001111
0011110011010000
0011110011010100
0011110011010110
0011110011010111
0011110011011000
0011110011011001
0011110011011010
0011110011011011
0011110011011100
0011110011011101
0011110011011110
0011110011011111
0011110011100000
0011110011100010
0011110011100011
0011110011100100
0011110011100101
0011110011100110
0011110011100111
0011110011101000
0011110011101001
0011110011101010
0011110011101011
0011110011101100
0011110011101101
0011110011101110
0011110011101111
0011110011110010
0011110011110011
0011110011110100
0011110011110110
0011110011110111
0011110011111000
0011110011111001
0011110011111010
0011110011111011
0011110011111100
0011110100111010
0011110101100000
0011110101100010
0011110101100110
0011110101101000
0011110101101001
0011110101101110
0011110101110000
0011110101110010
0011110101110110
0011110101111000
0011110101111010
0011110101111011
0011110101111110
0011110110001010
0011110110010000
0011110110010010
0011110110010110
0011110110011010
0011110110011100
0011110110011110
0011110110100000
0011110110100010
0011110110100011
0011110110100100
0011110110101000
0011110110101010
0011110110101011
0011110110101100
0011110110101110
0011110110110000
0011110110110010
0011110111000110
0011110111001000
0011110111001010
0011110111001011
0011110111001100
0011110111001110
0011110111010000
0011110111010110
0011110111011010
0011110111011100
0011110111011110
0011110111100100
0011110111100110
0011110111101000
0011110111101010
0011110111101011
0011110111101100
0011110111101110
0011110111110000
0011110111110010
0011110111110110
0011111000101000
0011111000101001
0011111000101010
0011111000111000
0011111000111001
0011111000111010
0011111001001000
0011111001001001
0011111001001010
0011111001011001
0011111001011010
0011111001100000
0011111001100010
0011111001100110
0011111001101000
0011111001101001
0011111001101010
0011111001101110
0011111001110000
0011111001110010
0011111001110110
0011111001111000
0011111001111001
0011111001111110
0011111010001000
0011111010001010
0011111010001011
0011111010001100
0011111010001110
0011111010010000
0011111010010010
0011111010010011
0011111010010100
0011111010010110
0011111010011001
0011111010011010
0011111010011011
0011111010011100
0011111010011110
0011111010100000
0011111010100010
0011111010100011
0011111010100100
0011111010100110
0011111010101000
0011111010101011
0011111010101100
0011111010101110
0011111010110000
0011111010110010
0011111010110011
0011111010111000
0011111010111010
0011111010111011
0011111010111100
0011111010111110
0011111011000100
0011111011000110
0011111011001000
0011111011001010
0011111011001100
0011111011001110
0011111011010000
0011111011010010
0011111011010110
0011111011011000
0011111011011010
0011111011011100
0011111011011110
0011111011100000
0011111011100110
0011111011101000
0011111011101010
0011111011101100
0011111011101110
0011111011110100
0011111011110110
0011111100101000
0011111100111000
0011111100111010
0011111101011000
0011111101011010
0011111101100000
0011111101100010
0011111101101000
0011111101101010
0011111101110000
0011111101110010
