0000001100101001
0000001100101010
0000001100101011
0000001100101110
0000001100111001
0000001100111010
0000001100111011
0000001100111110
0000001101001110
0000001101011001
0000001101011010
0000001101011011
0000001101011110
0000001101101000
0000001101101010
0000001101101100
0000001101101101
0000001101101110
0000001101101111
0000001101111000
0000001101111001
0000001101111010
0000001101111011
0000001101111100
0000001101111101
0000001101111110
0000001110001001
0000001110001010
0000001110001011
0000001110001101
0000001110001110
0000001110010010
0000001110010011
0000001110010101
0000001110010110
0000001110010111
0000001110011001
0000001110011010
0000001110011011
0000001110011101
0000001110011110
0000001110100010
0000001110100011
0000001110100101
0000001110100110
0000001110100111
0000001110101001
0000001110101010
0000001110101011
0000001110101101
0000001110101110
0000001110101111
0000001110110010
0000001110110011
0000001110110101
0000001110110111
0000001110111001
0000001110111010
0000001110111011
0000001110111101
0000001110111110
0000001111000100
0000001111000101
0000001111000110
0000001111001000
0000001111001001
0000001111001010
0000001111001011
0000001111001100
0000001111001101
0000001111001110
0000001111010000
0000001111010010
0000001111010011
0000001111010100
0000001111010101
0000001111010110
0000001111010111
0000001111011000
0000001111011001
0000001111011010
0000001111011011
0000001111011100
0000001111011101
0000001111011110
0000001111100010
0000001111100100
0000001111100101
0000001111100110
0000001111101011
0000001111101100
0000001111101101
0000001111110100
0000001111110101
0000001111110110
0000010100101011
0000010100101110
0000010100111001
0000010100111010
0000010100111011
0000010100111110
0000010101001011
0000010101001110
0000010101011110
0000010101101000
0000010101101001
0000010101101010
0000010101101101
0000010101101110
0000010101101111
0000010101111000
0000010101111001
0000010101111010
0000010101111011
0000010101111100
0000010101111101
0000010101111110
0000010110001001
0000010110001010
0000010110001011
0000010110001101
0000010110001110
0000010110001111
0000010110010010
0000010110010011
0000010110010101
0000010110010110
0000010110010111
0000010110011001
0000010110011010
0000010110011011
0000010110011101
0000010110011110
0000010110011111
0000010110100010
0000010110100110
0000010110100111
0000010110101001
0000010110101101
0000010110101110
0000010110110010
0000010110110011
0000010110110101
0000010110110110
0000010110110111
0000010110111001
0000010110111010
0000010110111011
0000010110111101
0000010110111110
0000010110111111
0000010111000100
0000010111000101
0000010111000110
0000010111000111
0000010111001000
0000010111001001
0000010111001010
0000010111001011
0000010111001100
0000010111001101
0000010111001110
0000010111001111
0000010111010000
0000010111010010
0000010111010011
0000010111010100
0000010111010110
0000010111010111
0000010111011000
0000010111011001
0000010111011010
0000010111011011
0000010111011100
0000010111011101
0000010111011110
0000010111011111
0000010111100000
0000010111100010
0000010111100011
0000010111100100
0000010111100101
0000010111100110
0000010111100111
0000010111101011
0000010111101100
0000010111101101
0000010111101110
0000010111101111
0000010111110011
0000010111110100
0000010111110110
0000010111110111
0000010111111011
0000011000101001
0000011000101011
0000011000111000
0000011000111001
0000011000111010
0000011001011000
0000011001011001
0000011001011010
0000011001011011
0000011001011110
0000011001101001
0000011001101011
0000011001101101
0000011001101111
0000011001111000
0000011001111001
0000011001111010
0000011001111011
0000011001111100
0000011001111101
0000011001111110
0000011010001001
0000011010001011
0000011010001101
0000011010001111
0000011010010100
0000011010010101
0000011010010110
0000011010010111
0000011010011000
0000011010011001
0000011010011010
0000011010011011
0000011010011100
0000011010011101
0000011010011110
0000011010011111
0000011010100101
0000011010100111
0000011010101001
0000011010101101
0000011010101111
0000011010110010
0000011010110101
0000011010110110
0000011010110111
0000011010111000
0000011010111001
0000011010111010
0000011010111011
0000011010111100
0000011010111101
0000011010111110
0000011010111111
0000011011000101
0000011011000111
0000011011001001
0000011011001011
0000011011001101
0000011011001111
0000011011010000
0000011011010010
0000011011010100
0000011011010101
0000011011010110
0000011011010111
0000011011011000
0000011011011001
0000011011011010
0000011011011011
0000011011011100
0000011011011101
0000011011011110
0000011011011111
0000011011100111
0000011011101011
0000011011101101
0000011011101111
0000011011110000
0000011011110010
0000011011110100
0000011011110101
0000011011110110
0000011011110111
0000011011111011
0000011011111100
0000011011111101
0000011100101000
0000011100101001
0000011100101010
0000011100101011
0000011100101110
0000011100111011
0000011100111110
0000011101001000
0000011101001001
0000011101001010
0000011101001011
0000011101001110
0000011101011000
0000011101011001
0000011101011010
0000011101011011
0000011101011110
0000011101101000
0000011101101001
0000011101101010
0000011101101011
0000011101101100
0000011101101110
0000011101111000
0000011101111001
0000011101111010
0000011101111011
0000011101111100
0000011110001000
0000011110001001
0000011110001010
0000011110001011
0000011110001100
0000011110001110
0000011110010010
0000011110010011
0000011110010100
0000011110010110
0000011110011000
0000011110011001
0000011110011010
0000011110011011
0000011110011100
0000011110011110
0000011110100000
0000011110100010
0000011110100011
0000011110100100
0000011110100110
0000011110101000
0000011110101001
0000011110101010
0000011110101011
0000011110101100
0000011110101110
0000011110110000
0000011110110010
0000011110110011
0000011110110100
0000011110110110
0000011110111000
0000011110111001
0000011110111010
0000011110111011
0000011110111110
0000011111000100
0000011111000110
0000011111001000
0000011111001001
0000011111001010
0000011111001011
0000011111001100
0000011111001110
0000011111010010
0000011111010011
0000011111010100
0000011111010110
0000011111011000
0000011111011001
0000011111011011
0000011111011100
0000011111011110
0000011111100010
0000011111100100
0000011111100110
0000011111101011
0000011111101100
0000100100101011
0000100100101111
0000100100110011
0000100100110111
0000100100111011
0000100100111111
0000100101001011
0000100101001101
0000100101001110
0000100101001111
0000100101010011
0000100101010110
0000100101010111
0000100101011001
0000100101011010
0000100101011011
0000100101011101
0000100101011110
0000100101011111
0000100101100101
0000100101100110
0000100101100111
0000100101101011
0000100101101101
0000100101101110
0000100101110011
0000100101110101
0000100101110111
0000100101111011
0000100101111101
0000100101111110
0000100110001111
0000100110010111
0000100110011111
0000100110100011
0000100110100111
0000100110101111
0000100110110011
0000100110110111
0000100110111111
0000100111000111
0000100111001101
0000100111001111
0000100111010011
0000100111010101
0000100111010111
0000100111011101
0000100111011111
0000101000101011
0000101000101101
0000101000101111
0000101000110011
0000101000110101
0000101000110110
0000101000111001
0000101000111010
0000101000111011
0000101000111101
0000101000111110
0000101000111111
0000101001001011
0000101001001101
0000101001001111
0000101001010011
0000101001010110
0000101001010111
0000101001011000
0000101001011001
0000101001011011
0000101001011100
0000101001011101
0000101001011110
0000101001100011
0000101001100101
0000101001100111
0000101001101011
0000101001101101
0000101001101111
0000101001110100
0000101001110101
0000101001110110
0000101001110111
0000101001111011
0000101001111100
0000101001111101
0000101001111110
0000101010001101
0000101010010011
0000101010010111
0000101010011101
0000101010011111
0000101010100011
0000101010100111
0000101010110011
0000101010110111
0000101010111101
0000101011000101
0000101011000111
0000101011001101
0000101011001111
0000101011010011
0000101011010100
0000101011010111
0000101011011100
0000101011011101
0000101011011111
0000101100101010
0000101100101011
0000101100101101
0000101100101110
0000101100101111
0000101100110010
0000101100110011
0000101100110101
0000101100110111
0000101100111001
0000101100111010
0000101100111011
0000101100111101
0000101100111110
0000101100111111
0000101101001000
0000101101001001
0000101101001010
0000101101001011
0000101101001100
0000101101001101
0000101101001110
0000101101001111
0000101101010000
0000101101010010
0000101101010011
0000101101010100
0000101101010111
0000101101011001
0000101101011010
0000101101011011
0000101101011100
0000101101011101
0000101101011110
0000101101011111
0000101101100010
0000101101100110
0000101101100111
0000101101101011
0000101101101100
0000101101101101
0000101101101110
0000101101101111
0000101101110000
0000101101110010
0000101101110011
0000101101110101
0000101101110110
0000101101110111
0000101101111011
0000101101111100
0000101101111101
0000101101111110
0000101110001101
0000101110001111
0000101110010011
0000101110010101
0000101110010111
0000101110011101
0000101110011111
0000101110100011
0000101110100101
0000101110100111
0000101110101101
0000101110101111
0000101110110011
0000101110110101
0000101110110111
0000101110111101
0000101111000100
0000101111000101
0000101111000111
0000101111001100
0000101111001101
0000101111001111
0000101111010011
0000101111010100
0000101111010101
0000101111010111
0000101111011100
0000101111011101
0000101111011111
0000110000101001
0000110000101011
0000110000101101
0000110000101111
0000110000110011
0000110000110101
0000110000110110
0000110000110111
0000110000111010
0000110000111011
0000110000111101
0000110000111110
0000110001001001
0000110001001011
0000110001001101
0000110001001111
0000110001010010
0000110001010011
0000110001010100
0000110001010101
0000110001010110
0000110001011000
0000110001011001
0000110001011010
0000110001011011
0000110001011100
0000110001011101
0000110001011110
0000110001011111
0000110001100011
0000110001100101
0000110001100111
0000110001101001
0000110001101011
0000110001101101
0000110001101111
0000110001110010
0000110001110011
0000110001110100
0000110001110110
0000110001110111
0000110001111000
0000110001111001
0000110001111010
0000110001111011
0000110001111100
0000110001111101
0000110001111110
0000110010001011
0000110010001101
0000110010001111
0000110010010101
0000110010010110
0000110010010111
0000110010011011
0000110010011101
0000110010011110
0000110010011111
0000110010100011
0000110010100101
0000110010100111
0000110010101011
0000110010101101
0000110010101111
0000110010110011
0000110010110101
0000110010110110
0000110010110111
0000110010111011
0000110010111101
0000110010111110
0000110010111111
0000110011000101
0000110011000111
0000110011001011
0000110011001101
0000110011001111
0000110011010010
0000110011010011
0000110011010100
0000110011010101
0000110011010110
0000110011010111
0000110011011011
0000110011011100
0000110011011101
0000110011011110
0000110011011111
0000110011100011
0000110011100101
0000110011100111
0000110011101101
0000110011110011
0000110011110100
0000110011110101
0000110011110111
0000110011111100
0000110011111101
0000110100101001
0000110100101010
0000110100101101
0000110100101110
0000110100101111
0000110100110010
0000110100110011
0000110100110101
0000110100110110
0000110100110111
0000110100111001
0000110100111011
0000110100111101
0000110100111110
0000110100111111
0000110101001000
0000110101001010
0000110101001011
0000110101001100
0000110101001101
0000110101001110
0000110101001111
0000110101010000
0000110101010010
0000110101010011
0000110101010100
0000110101010111
0000110101011001
0000110101011010
0000110101011011
0000110101011100
0000110101011101
0000110101011110
0000110101011111
0000110101100010
0000110101100011
0000110101100100
0000110101100101
0000110101101000
0000110101101001
0000110101101010
0000110101101011
0000110101101100
0000110101101101
0000110101101110
0000110101101111
0000110101110000
0000110101110010
0000110101110011
0000110101110100
0000110101110101
0000110101110111
0000110101111000
0000110101111001
0000110101111010
0000110101111011
0000110101111100
0000110101111101
0000110101111110
0000110110001011
0000110110001101
0000110110001110
0000110110001111
0000110110010010
0000110110010011
0000110110010101
0000110110010110
0000110110010111
0000110110011011
0000110110011101
0000110110011110
0000110110011111
0000110110100101
0000110110100110
0000110110100111
0000110110101011
0000110110101101
0000110110101110
0000110110101111
0000110110110011
0000110110110101
0000110110110110
0000110110110111
0000110110111011
0000110110111101
0000110110111110
0000110110111111
0000110111000100
0000110111000101
0000110111000110
0000110111000111
0000110111001011
0000110111001100
0000110111001101
0000110111001110
0000110111001111
0000110111010010
0000110111010011
0000110111010100
0000110111010101
0000110111010110
0000110111010111
0000110111011011
0000110111011100
0000110111100011
0000110111100100
0000110111100101
0000110111100111
0000110111101100
0000110111110011
0000110111110100
0000110111110101
0000110111110111
0000111000101001
0000111000101011
0000111000101101
0000111000110010
0000111000110011
0000111000110100
0000111000110101
0000111000110110
0000111000110111
0000111000111000
0000111000111001
0000111000111010
0000111000111100
0000111000111101
0000111000111110
0000111001001001
0000111001001011
0000111001001101
0000111001001111
0000111001010000
0000111001010010
0000111001010011
0000111001010100
0000111001010101
0000111001010110
0000111001010111
0000111001011000
0000111001011010
0000111001011011
0000111001011100
0000111001011101
0000111001011110
0000111001011111
0000111001100011
0000111001100101
0000111001100111
0000111001101001
0000111001101011
0000111001101101
0000111001101111
0000111001110010
0000111001110011
0000111001110100
0000111001110101
0000111001110110
0000111001111000
0000111001111001
0000111001111010
0000111001111011
0000111001111100
0000111001111101
0000111010001011
0000111010001101
0000111010001111
0000111010010010
0000111010010011
0000111010010100
0000111010010110
0000111010010111
0000111010011011
0000111010011100
0000111010011101
0000111010011110
0000111010011111
0000111010100011
0000111010100101
0000111010100111
0000111010101011
0000111010101101
0000111010101111
0000111010110100
0000111010110101
0000111010110110
0000111010110111
0000111010111011
0000111010111100
0000111010111101
0000111010111110
0000111010111111
0000111011000101
0000111011000111
0000111011001101
0000111011010010
0000111011010011
0000111011010100
0000111011010101
0000111011010110
0000111011010111
0000111011011011
0000111011011100
0000111011100011
0000111011100101
0000111011110100
0000111011110101
0000111011110111
0000111100101000
0000111100101001
0000111100101010
0000111100101011
0000111100101100
0000111100110010
0000111100110011
0000111100110100
0000111100110110
0000111100111000
0000111100111001
0000111100111010
0000111100111011
0000111100111110
0000111101001000
0000111101001001
0000111101001010
0000111101001100
0000111101001110
0000111101010010
0000111101010011
0000111101010100
0000111101010110
0000111101011000
0000111101011001
0000111101011011
0000111101011100
0000111101011110
0000111101100000
0000111101100010
0000111101100011
0000111101100100
0000111101100110
0000111101101000
0000111101101010
0000111101101011
0000111101101100
0000111101101110
0000111101110000
0000111101110010
0000111101110011
0000111101110100
0000111101110110
0000111110001011
0000111110001100
0000111110001110
0000111110010000
0000111110010010
0000111110010011
0000111110010100
0000111110011011
0000111110011100
0000111110011110
0000111110100010
0000111110100011
0000111110100100
0000111110100110
0000111110101011
0000111110101100
0000111110101110
0000111110110010
0000111110110011
0000111110110110
0000111111000100
0000111111000110
0000111111001011
0000111111001100
0000111111010011
0000111111010100
0000111111010110
