0100010100101110
0100010100101111
0100010100111001
0100010100111010
0100010100111110
0100010101001100
0100010101001110
0100010101011000
0100010101011110
0100010101101000
0100010101101100
0100010101101110
0100010101101111
0100010101111000
0100010101111001
0100010101111010
0100010101111011
0100010101111100
0100010101111110
0100010110001011
0100010110001101
0100010110001110
0100010110001111
0100010110010010
0100010110010011
0100010110010110
0100010110010111
0100010110011011
0100010110011101
0100010110011110
0100010110011111
0100010110100011
0100010110100110
0100010110100111
0100010110101110
0100010110101111
0100010110110010
0100010110110111
0100010110111011
0100010110111101
0100010110111110
0100010110111111
0100010111000100
0100010111000110
0100010111000111
0100010111001011
0100010111001100
0100010111001101
0100010111001110
0100010111001111
0100010111010000
0100010111010010
0100010111010011
0100010111010110
0100010111011011
0100010111011100
0100010111011110
0100010111011111
0100010111100011
0100010111100100
0100010111100101
0100010111100111
0100010111101100
0100010111101101
0100010111101111
0100010111110011
0100010111110100
0100010111110111
0100011000101001
0100011000101101
0100011000101111
0100011001011000
0100011001011001
0100011001011010
0100011001011100
0100011001011101
0100011001011110
0100011001011111
0100011001101001
0100011001101101
0100011001101111
0100011001111000
0100011001111001
0100011001111010
0100011001111100
0100011001111101
0100011001111110
0100011010001101
0100011010001111
0100011010010000
0100011010010010
0100011010010100
0100011010010110
0100011010010111
0100011010011100
0100011010011101
0100011010011110
0100011010011111
0100011010100111
0100011010101111
0100011011000101
0100011011000111
0100011011001101
0100011011001111
0100011011010000
0100011011010010
0100011011010100
0100011011010110
0100011011010111
0100011011011100
0100011011011101
0100011011011110
0100011011011111
0100011011100101
0100011011100111
0100011011101101
0100011011101111
0100011011110100
0100011011110101
0100011011110111
0100011011111100
0100011011111101
0100011100101000
0100011100101010
0100011100101011
0100011100101100
0100011100101110
0100011100111001
0100011100111010
0100011100111100
0100011100111110
0100011101001000
0100011101001001
0100011101001010
0100011101001011
0100011101001100
0100011101001110
0100011101011000
0100011101011001
0100011101011010
0100011101011011
0100011101011100
0100011101011110
0100011101101000
0100011101101001
0100011101101010
0100011101101100
0100011101101110
0100011101111000
0100011101111001
0100011101111010
0100011101111011
0100011101111100
0100011101111110
0100011110001011
0100011110001100
0100011110001110
0100011110010000
0100011110010011
0100011110010100
0100011110010110
0100011110011011
0100011110011100
0100011110011110
0100011110100000
0100011110100010
0100011110100011
0100011110100100
0100011110100110
0100011110101011
0100011110101100
0100011110101110
0100011110110010
0100011110110100
0100011110111011
0100011110111100
0100011110111110
0100011111000100
0100011111000110
0100011111001011
0100011111001100
0100011111001110
0100011111010000
0100011111010010
0100011111010011
0100011111010100
0100011111010110
0100011111011011
0100011111011100
0100011111011110
0100011111100011
0100011111100100
0100011111101100
0100100100101111
0100100101001110
0100100101011110
0100100101011111
0100100101110011
0100100101110111
0100100101111101
0100101000101111
0100101000110010
0100101000110011
0100101000111110
0100101001011100
0100101001011110
0100101001011111
0100101001100111
0100101001101111
0100101001110011
0100101001110100
0100101001111100
0100101100101110
0100101100101111
0100101101001100
0100101101001110
0100101101001111
0100101101010000
0100101101011100
0100101101011110
0100101101011111
0100101101110100
0100101101110111
0100101101111100
0100101101111101
0100110000101001
0100110000101011
0100110000101101
0100110000101111
0100110000110011
0100110000110101
0100110000110111
0100110000111001
0100110000111010
0100110000111110
0100110000111111
0100110001001001
0100110001001011
0100110001001101
0100110001001111
0100110001010000
0100110001010010
0100110001010011
0100110001010100
0100110001010110
0100110001010111
0100110001011000
0100110001011001
0100110001011010
0100110001011100
0100110001011101
0100110001011110
0100110001100101
0100110001100111
0100110001101101
0100110001101111
0100110001110000
0100110001110010
0100110001110011
0100110001110100
0100110001110101
0100110001110110
0100110001110111
0100110001111011
0100110001111100
0100110001111101
0100110001111110
0100110010001101
0100110010010011
0100110010011101
0100110010011111
0100110011001101
0100110011001111
0100110011010111
0100110011011100
0100110011011101
0100110100101110
0100110100110010
0100110100110111
0100110100111010
0100110101001100
0100110101001110
0100110101010000
0100110101011110
0100110101011111
0100110101100000
0100110101100010
0100110101100100
0100110101100110
0100110101100111
0100110101101100
0100110101101110
0100110101101111
0100110101110000
0100110101110010
0100110101110011
0100110101110100
0100110101110110
0100110101110111
0100110101111011
0100110101111100
0100110101111101
0100110101111110
0100110110001111
0100110110010111
0100110110011111
0100110111000111
0100110111001100
0100110111001101
0100110111001111
0100110111010111
0100110111011100
0100111000101001
0100111000101011
0100111000101101
0100111000101111
0100111000110000
0100111000110010
0100111000110011
0100111000110100
0100111000110101
0100111000110111
0100111000111000
0100111000111001
0100111000111010
0100111000111100
0100111000111101
0100111000111110
0100111001001001
0100111001001011
0100111001001101
0100111001001111
0100111001010000
0100111001010010
0100111001010011
0100111001010100
0100111001010110
0100111001010111
0100111001011000
0100111001011001
0100111001011010
0100111001011011
0100111001011100
0100111001011110
0100111001011111
0100111001100101
0100111001100111
0100111001101101
0100111001101111
0100111001110000
0100111001110011
0100111001110100
0100111001110110
0100111001110111
0100111001111100
0100111001111110
0100111010001101
0100111010001111
0100111010010011
0100111010010100
0100111010010111
0100111010011100
0100111011000111
0100111011001101
0100111011001111
0100111011010011
0100111011010111
0100111011011100
0100111011011101
0100111011011111
0100111100101000
0100111100101011
0100111100101100
0100111100101110
0100111100110000
0100111100110010
0100111100110011
0100111100110100
0100111100111000
0100111100111001
0100111100111010
0100111100111100
0100111100111110
0100111101001000
0100111101001011
0100111101001100
0100111101001110
0100111101010000
0100111101010110
0100111101011000
0100111101011001
0100111101011010
0100111101011011
0100111101011100
0100111101100000
0100111101100010
0100111101100100
0100111101100110
0100111101101100
0100111101101110
0100111101110000
0100111101110010
0100111101110011
0100111101110100
0100111101110110
0100111110001100
0100111110010011
0100111110010100
0100111110011100
0100111111000100
0100111111001100
0101001000101110
0101001000111000
0101001000111001
0101001000111010
0101001000111011
0101001000111110
0101001001001110
0101001001011000
0101001001011110
0101001001101000
0101001001101100
0101001001101110
0101001001101111
0101001001111000
0101001001111011
0101001001111100
0101001010001100
0101001010001110
0101001010011000
0101001010011100
0101001010111000
0101001010111100
0101001010111110
0101001010111111
0101001011000100
0101001011000110
0101001011000111
0101001011001000
0101001011001100
0101001011001110
0101001011001111
0101001011010000
0101001011011000
0101001011011100
0101001011011110
0101001011011111
0101001011100000
0101001011100010
0101001011100011
0101001011100100
0101001011100110
0101001011100111
0101001011101100
0101001011101110
0101001011101111
0101001011110000
0101001011110010
0101001011110011
0101001011110100
0101001011110110
0101001011110111
0101001011111011
0101001011111100
0101001100101000
0101001100101110
0101001100111000
0101001100111001
0101001100111010
0101001100111011
0101001100111110
0101001101001000
0101001101001110
0101001101011000
0101001101011110
0101001101101000
0101001101101100
0101001101101110
0101001101111000
0101001101111001
0101001101111010
0101001101111011
0101001101111100
0101001101111110
0101001110001000
0101001110001001
0101001110001010
0101001110001011
0101001110001100
0101001110001110
0101001110010000
0101001110010010
0101001110010011
0101001110010100
0101001110010110
0101001110011000
0101001110011001
0101001110011010
0101001110011011
0101001110011100
0101001110011110
0101001110100000
0101001110100010
0101001110100011
0101001110100100
0101001110100110
0101001110101000
0101001110101110
0101001110110000
0101001110110010
0101001110110011
0101001110111000
0101001110111001
0101001110111010
0101001110111011
0101001110111100
0101001110111110
0101001111000100
0101001111000110
0101001111001000
0101001111001011
0101001111001100
0101001111001110
0101001111010000
0101001111010110
0101001111011000
0101001111011001
0101001111011010
0101001111011011
0101001111011100
0101001111011110
0101001111100000
0101001111100010
0101001111100011
0101001111100100
0101001111100110
0101001111101011
0101001111101100
0101001111101110
0101001111110000
0101001111110110
0101010000101110
0101010000111000
0101010000111001
0101010000111010
0101010000111110
0101010001001110
0101010001011000
0101010001011110
0101010001101100
0101010001101110
0101010001101111
0101010001111000
0101010001111011
0101010001111100
0101010010001100
0101010010001110
0101010010011000
0101010010011100
0101010010110000
0101010010111000
0101010010111100
0101010010111110
0101010011000100
0101010011000110
0101010011000111
0101010011001000
0101010011001100
0101010011001110
0101010011010000
0101010011011000
0101010011011100
0101010011011110
0101010011100000
0101010011100010
0101010011100011
0101010011100100
0101010011100110
0101010011101100
0101010011101110
0101010011110000
0101010011110110
0101010100111000
0101010110001110
0101010110011100
0101010110011110
0101010110111100
0101010111000110
0101010111001100
0101010111001110
0101010111100010
0101010111100011
0101010111100100
0101010111100110
0101010111101100
0101010111110010
0101010111110011
0101011000101000
0101011000101110
0101011000111001
0101011000111010
0101011001011110
0101011001101000
0101011001101100
0101011001101110
0101011001111001
0101011001111010
0101011001111011
0101011001111100
0101011001111110
0101011010001000
0101011010001100
0101011010001110
0101011010010000
0101011010011000
0101011010011100
0101011010011110
0101011010111100
0101011011000100
0101011011000110
0101011011001000
0101011011001100
0101011011001110
0101011011010000
0101011011011100
0101011011100010
0101011011100100
0101011011100110
0101011011101100
0101011011110000
0101011011110010
0101011011110100
0101011011111100
0101011100101000
0101011100111000
0101011100111010
0101011101101000
0101011101111000
0101011110001000
0101011110001010
0101011110010000
0101011110010010
0101011110011000
0101011110011010
0101011110100000
0101011110110000
0101011110110010
0101011110111000
0101011111001000
0101011111001010
0101011111010000
0101011111010010
0101011111011000
0101011111100000
0101011111100010
0101100000101001
0101100000101010
0101100000101101
0101100000101110
0101100000101111
0101100000110010
0101100000110011
0101100000110101
0101100000110110
0101100000110111
0101100000111001
0101100000111011
0101100000111101
0101100000111110
0101100001001000
0101100001001010
0101100001001011
0101100001001100
0101100001001101
0101100001001110
0101100001001111
0101100001010000
0101100001010010
0101100001010011
0101100001010100
0101100001011001
0101100001011010
0101100001011011
0101100001011100
0101100001011101
0101100001011110
0101100001011111
0101100001100010
0101100001100011
0101100001100100
0101100001100110
0101100001101000
0101100001101001
0101100001101010
0101100001101011
0101100001101100
0101100001101101
0101100001101110
0101100001101111
0101100001110000
0101100001110010
0101100001110011
0101100001110100
0101100001110111
0101100001111000
0101100001111001
0101100001111010
0101100001111011
0101100001111100
0101100001111101
0101100001111110
0101100010001011
0101100010001101
0101100010001110
0101100010001111
0101100010010010
0101100010010011
0101100010010110
0101100010010111
0101100010011011
0101100010011101
0101100010011110
0101100010011111
0101100011000100
0101100011000101
0101100011000110
0101100011000111
0101100011001011
0101100011001100
0101100011001101
0101100011001110
0101100011001111
0101100011010010
0101100011010011
0101100011010100
0101100011010110
0101100011010111
0101100011011011
0101100011011100
0101100011011101
0101100011011110
0101100011011111
0101100100101110
0101100100101111
0101100100110010
0101100100110110
0101100100110111
0101100100111001
0101100100111010
0101100100111101
0101100100111110
0101100100111111
0101100101001000
0101100101001100
0101100101001110
0101100101001111
0101100101010000
0101100101011100
0101100101011110
0101100101011111
0101100101100010
0101100101100011
0101100101100100
0101100101100110
0101100101101100
0101100101101110
0101100101101111
0101100101110000
0101100101110010
0101100101110011
0101100101110100
0101100101111000
0101100101111001
0101100101111010
0101100101111011
0101100101111100
0101100101111101
0101100101111110
0101100110001011
0101100110001101
0101100110001110
0101100110001111
0101100110010010
0101100110010011
0101100110010111
0101100110011011
0101100110011101
0101100110011110
0101100110011111
0101100111000100
0101100111000101
0101100111000110
0101100111000111
0101100111001011
0101100111001100
0101100111001101
0101100111001110
0101100111001111
0101100111010000
0101100111010010
0101100111010011
0101100111010100
0101100111010110
0101100111010111
0101100111011011
0101100111011100
0101100111011101
0101100111011110
0101100111011111
0101101000101000
0101101000101100
0101101000101110
0101101000101111
0101101000110000
0101101000110010
0101101000110011
0101101000110100
0101101000110110
0101101000110111
0101101000111000
0101101000111001
0101101000111010
0101101000111011
0101101000111101
0101101000111110
0101101001001000
0101101001001100
0101101001001110
0101101001001111
0101101001011000
0101101001011100
0101101001011110
0101101001100000
0101101001100010
0101101001100011
0101101001100100
0101101001100110
0101101001100111
0101101001101000
0101101001101100
0101101001101110
0101101001101111
0101101001110000
0101101001110010
0101101001110011
0101101001110100
0101101001110110
0101101001111001
0101101001111010
0101101001111011
0101101001111100
0101101001111101
0101101001111110
0101101010001100
0101101010001110
0101101010001111
0101101010011100
0101101010011110
0101101010011111
0101101011000100
0101101011000110
0101101011000111
0101101011001100
0101101011001110
0101101011001111
0101101011010000
0101101011011100
0101101100101000
0101101100101100
0101101100110000
0101101100110010
0101101100110011
0101101100111000
0101101100111001
0101101100111010
0101101100111011
0101101100111100
0101101100111110
0101101101001000
0101101101001110
0101101101010000
0101101101011100
0101101101100010
0101101101100110
0101101101101100
0101101101110011
0101101101110100
0101101101111000
0101101101111100
0101101110001011
0101101110001100
0101101110001110
0101101110010000
0101101110010010
0101101110010011
0101101110010100
0101101110010110
0101101110011011
0101101110011100
0101101110011110
0101101111000110
0101101111001011
0101101111001100
0101101111001110
0101101111010000
0101101111010010
0101101111010100
0101101111011100
0101110000101000
0101110000101001
0101110000101010
0101110000101011
0101110000101110
0101110000110000
0101110000110010
0101110000110110
0101110000111000
0101110000111001
0101110000111011
0101110001001000
0101110001001001
0101110001001010
0101110001001011
0101110001001110
0101110001010000
0101110001010010
0101110001010110
0101110001011000
0101110001011001
0101110001011010
0101110001011011
0101110001011110
0101110001100000
0101110001100010
0101110001100011
0101110001100100
0101110001100101
0101110001100110
0101110001100111
0101110001101000
0101110001101001
0101110001101010
0101110001101100
0101110001101101
0101110001101110
0101110001101111
0101110001110000
0101110001110010
0101110001110011
0101110001110100
0101110001110110
0101110001110111
0101110001111000
0101110001111001
0101110001111011
0101110001111100
0101110001111101
0101110001111110
0101110010001000
0101110010001010
0101110010001011
0101110010001100
0101110010001101
0101110010001110
0101110010001111
0101110010010000
0101110010010010
0101110010010011
0101110010010100
0101110010010110
0101110010011001
0101110010011010
0101110010011011
0101110010011100
0101110010011101
0101110010011110
0101110010011111
0101110011000111
0101110011001000
0101110011001001
0101110011001010
0101110011001011
0101110011001100
0101110011001101
0101110011001110
0101110011001111
0101110011010010
0101110011010011
0101110011010110
0101110011010111
0101110011011000
0101110011011001
0101110011011010
0101110011011011
0101110011011100
0101110011011101
0101110011011110
0101110011011111
0101110100101000
0101110100101110
0101110100110000
0101110100110010
0101110100110110
0101110100111000
0101110100111001
0101110100111010
0101110100111011
0101110100111110
0101110101001000
0101110101100010
0101110101100011
0101110101100100
0101110101100110
0101110101101000
0101110101110000
0101110101110010
0101110101110011
0101110101111000
0101110101111001
0101110101111100
0101110110001000
0101110110001001
0101110110001011
0101110110001100
0101110110001110
0101110110010000
0101110110010010
0101110110010011
0101110110010100
0101110110010110
0101110110011000
0101110110011010
0101110110011011
0101110110011100
0101110110011110
0101110111000100
0101110111001000
0101110111001011
0101110111001100
0101110111001110
0101110111010000
0101110111010010
0101110111010011
0101110111011100
0101111000101000
0101111000101001
0101111000101010
0101111000101011
0101111000101110
0101111000110000
0101111000110010
0101111000110110
0101111000111001
0101111000111010
0101111000111011
0101111000111110
0101111001001000
0101111001001001
0101111001001010
0101111001001011
0101111001001110
0101111001010000
0101111001010010
0101111001010110
0101111001011000
0101111001011001
0101111001011010
0101111001011011
0101111001100000
0101111001100010
0101111001100011
0101111001100100
0101111001100110
0101111001101000
0101111001101001
0101111001101010
0101111001101011
0101111001101100
0101111001101110
0101111001110000
0101111001110010
0101111001110011
0101111001110100
0101111001110110
0101111001111000
0101111001111001
0101111001111011
0101111001111110
0101111010001000
0101111010001001
0101111010001010
0101111010001100
0101111010001110
0101111010010000
0101111010010010
0101111010010011
0101111010010100
0101111010010110
0101111010011000
0101111010011001
0101111010011011
0101111010011100
0101111010011110
0101111011000100
0101111011000110
0101111011001000
0101111011001010
0101111011001100
0101111011001110
0101111011010000
0101111011010010
0101111011010011
0101111011010100
0101111011011000
0101111011011100
0101111100101010
0101111100110000
0101111100110010
0101111100111000
0101111100111010
0101111101001000
0101111101001010
0101111101010010
0101111101011000
0101111101100000
0101111101100010
0101111101101000
0101111101110000
0101111101110010
0101111110001000
0101111110001010
0101111110010000
0101111110010010
0101111110011000
0101111110011010
