0110001100101000
0110001100101001
0110001100101010
0110001100101100
0110001100101101
0110001100101110
0110001100101111
0110001100111000
0110001100111001
0110001100111010
0110001100111100
0110001100111101
0110001100111110
0110001100111111
0110001101011000
0110001101011001
0110001101011010
0110001101011100
0110001101011101
0110001101011110
0110001101011111
0110001101101000
0110001101101001
0110001101101010
0110001101101100
0110001101101101
0110001101101110
0110001101101111
0110001101111000
0110001101111001
0110001101111010
0110001101111100
0110001101111101
0110001101111110
0110001110001100
0110001110001101
0110001110001110
0110001110001111
0110001110100010
0110001110100011
0110001110100101
0110001110100110
0110001110100111
0110001110101100
0110001110101101
0110001110101110
0110001110101111
0110001111000101
0110001111000111
0110001111001100
0110001111001101
0110001111001110
0110001111001111
0110001111010000
0110001111010010
0110001111010011
0110001111010101
0110001111010110
0110001111010111
0110001111011100
0110001111011101
0110001111011110
0110001111011111
0110001111100011
0110001111100101
0110001111100111
0110001111101100
0110001111101101
0110001111101111
0110001111110011
0110001111110101
0110001111110111
0110010100101100
0110010100101110
0110010100101111
0110010100111001
0110010100111010
0110010100111100
0110010100111101
0110010100111110
0110010100111111
0110010101001000
0110010101001100
0110010101001110
0110010101001111
0110010101011100
0110010101011110
0110010101011111
0110010101101000
0110010101101100
0110010101101110
0110010101101111
0110010101111000
0110010101111001
0110010101111010
0110010101111011
0110010101111100
0110010101111101
0110010101111110
0110010110001011
0110010110001100
0110010110001101
0110010110001110
0110010110010000
0110010110010011
0110010110010100
0110010110010110
0110010110010111
0110010110011011
0110010110011100
0110010110011101
0110010110011110
0110010110011111
0110010110100000
0110010110100010
0110010110100011
0110010110100100
0110010110100111
0110010110101100
0110010110101110
0110010110101111
0110010110110010
0110010110110110
0110010110110111
0110010110111011
0110010110111100
0110010110111101
0110010110111110
0110010110111111
0110010111000100
0110010111000101
0110010111000110
0110010111000111
0110010111001011
0110010111001100
0110010111001101
0110010111001110
0110010111001111
0110010111010000
0110010111010010
0110010111010011
0110010111010100
0110010111010110
0110010111010111
0110010111011011
0110010111011100
0110010111011101
0110010111011110
0110010111011111
0110010111100011
0110010111100100
0110010111100101
0110010111100111
0110010111101100
0110010111101101
0110010111101111
0110010111110011
0110010111110100
0110010111110101
0110010111110111
0110011000101001
0110011000101011
0110011000101101
0110011000101111
0110011000111010
0110011000111100
0110011000111101
0110011000111111
0110011001011000
0110011001011001
0110011001011010
0110011001011011
0110011001011100
0110011001011101
0110011001011110
0110011001011111
0110011001101001
0110011001101011
0110011001101101
0110011001101111
0110011001111000
0110011001111001
0110011001111010
0110011001111011
0110011001111100
0110011001111101
0110011001111110
0110011010001011
0110011010001101
0110011010001111
0110011010010000
0110011010010010
0110011010010100
0110011010010110
0110011010010111
0110011010011011
0110011010011100
0110011010011101
0110011010011110
0110011010011111
0110011010100111
0110011010101111
0110011010110000
0110011010110010
0110011010110110
0110011010110111
0110011010111011
0110011010111100
0110011010111101
0110011010111110
0110011010111111
0110011011000101
0110011011000111
0110011011001011
0110011011001101
0110011011001111
0110011011010000
0110011011010010
0110011011010100
0110011011010110
0110011011010111
0110011011011011
0110011011011100
0110011011011101
0110011011011110
0110011011011111
0110011011100101
0110011011100111
0110011011101101
0110011011101111
0110011011110100
0110011011110101
0110011011110111
0110011011111100
0110011011111101
0110011100101000
0110011100101001
0110011100101100
0110011100101110
0110011100111000
0110011100111001
0110011100111100
0110011100111110
0110011101001010
0110011101001100
0110011101001110
0110011101011001
0110011101011010
0110011101011011
0110011101011110
0110011101101000
0110011101101001
0110011101101010
0110011101101011
0110011101101100
0110011101101110
0110011101111000
0110011101111001
0110011101111010
0110011101111011
0110011101111100
0110011101111110
0110011110001011
0110011110001100
0110011110001110
0110011110010000
0110011110010010
0110011110010011
0110011110010110
0110011110011011
0110011110011100
0110011110011110
0110011110100000
0110011110100010
0110011110100100
0110011110100110
0110011110101011
0110011110101100
0110011110101110
0110011110110000
0110011110110110
0110011110111011
0110011110111100
0110011110111110
0110011111000100
0110011111000110
0110011111001011
0110011111001100
0110011111001110
0110011111010010
0110011111010011
0110011111010100
0110011111010110
0110011111011011
0110011111011100
0110011111011110
0110011111100011
0110011111100100
0110011111101100
0110100100101110
0110100100101111
0110100100110010
0110100100110011
0110100100110110
0110100100110111
0110100100111101
0110100100111110
0110100100111111
0110100101001100
0110100101001110
0110100101001111
0110100101010000
0110100101011100
0110100101011110
0110100101011111
0110100101100011
0110100101100100
0110100101100111
0110100101101100
0110100101101111
0110100101110011
0110100101110100
0110100101111100
0110100101111101
0110101000101111
0110101000110010
0110101000110011
0110101000110110
0110101000110111
0110101000111100
0110101000111110
0110101000111111
0110101001001111
0110101001011100
0110101001011110
0110101001011111
0110101001100011
0110101001100111
0110101001101111
0110101001110011
0110101001110100
0110101001110111
0110101001111100
0110101100101100
0110101100101110
0110101101010000
0110101101100111
0110101101101100
0110101101111100
0110110000101001
0110110000101011
0110110000101101
0110110000101111
0110110000110010
0110110000110011
0110110000110101
0110110000110111
0110110000111000
0110110000111001
0110110000111010
0110110000111100
0110110000111101
0110110000111110
0110110001001101
0110110001001111
0110110001010000
0110110001010010
0110110001010011
0110110001010100
0110110001010110
0110110001010111
0110110001011000
0110110001011001
0110110001011010
0110110001011011
0110110001011100
0110110001011110
0110110001011111
0110110001100011
0110110001100101
0110110001100111
0110110001101011
0110110001101101
0110110001101111
0110110001110000
0110110001110010
0110110001110011
0110110001110100
0110110001110101
0110110001110110
0110110001110111
0110110001111100
0110110001111101
0110110001111110
0110110010001101
0110110010001111
0110110010010011
0110110010010100
0110110010011100
0110110010011101
0110110010011111
0110110011001101
0110110011001111
0110110011010011
0110110011010100
0110110011010111
0110110011011100
0110110011011101
0110110011011111
0110110100101000
0110110100101100
0110110100101110
0110110100101111
0110110100110000
0110110100110010
0110110100110011
0110110100110110
0110110100110111
0110110100111000
0110110100111001
0110110100111010
0110110100111100
0110110100111101
0110110100111110
0110110100111111
0110110101001000
0110110101001100
0110110101001110
0110110101010000
0110110101011100
0110110101100010
0110110101100011
0110110101100100
0110110101100110
0110110101100111
0110110101101100
0110110101110000
0110110101110010
0110110101110011
0110110101110100
0110110110001100
0110110110001101
0110110110001111
0110110110010011
0110110110010100
0110110110010111
0110110110011100
0110110110011101
0110110110011111
0110110111000100
0110110111000101
0110110111001100
0110110111001101
0110110111001111
0110110111010011
0110110111010100
0110111000101001
0110111000101011
0110111000101101
0110111000101111
0110111000110000
0110111000110010
0110111000110011
0110111000110101
0110111000110110
0110111000110111
0110111000111000
0110111000111001
0110111000111010
0110111000111100
0110111000111101
0110111000111110
0110111001001001
0110111001001101
0110111001001111
0110111001010000
0110111001010010
0110111001010011
0110111001010100
0110111001010110
0110111001100101
0110111001100111
0110111001101011
0110111001101101
0110111001101111
0110111001110000
0110111001110010
0110111001110011
0110111001110100
0110111001110101
0110111001110111
0110111001111011
0110111001111100
0110111001111110
0110111010001101
0110111010001111
0110111010010011
0110111010010100
0110111010010111
0110111010011100
0110111010011101
0110111010011111
0110111011000101
0110111011000111
0110111011001101
0110111011001111
0110111011010011
0110111011010100
0110111100101000
0110111100101001
0110111100101010
0110111100101011
0110111100101100
0110111100101110
0110111100110000
0110111100110010
0110111100110011
0110111100110110
0110111100111000
0110111100111001
0110111100111010
0110111100111100
0110111100111110
0110111101001000
0110111101001001
0110111101001010
0110111101001100
0110111101001110
0110111101010000
0110111101010010
0110111101010011
0110111101010100
0110111101011000
0110111101011001
0110111101011100
0110111101100000
0110111101100010
0110111101100011
0110111101100100
0110111101100110
0110111101101100
0110111101110000
0110111101110010
0110111101110011
0110111101110100
0110111110001100
0110111110010011
0110111110010100
0110111111000100
0110111111001100
0110111111010011
0110111111010100
0111001000101001
0111001000101010
0111001000101011
0111001000101100
0111001000101101
0111001000101110
0111001000101111
0111001000111011
0111001000111100
0111001000111101
0111001000111110
0111001000111111
0111001001001000
0111001001001001
0111001001001010
0111001001001011
0111001001001100
0111001001001101
0111001001001111
0111001001011000
0111001001011001
0111001001011010
0111001001011011
0111001001011100
0111001001011101
0111001001011110
0111001001011111
0111001001101000
0111001001101001
0111001001101010
0111001001101011
0111001001101100
0111001001101101
0111001001101110
0111001001101111
0111001001111000
0111001001111001
0111001001111010
0111001001111011
0111001001111100
0111001001111101
0111001001111110
0111001010001011
0111001010001100
0111001010001101
0111001010001110
0111001010001111
0111001010010010
0111001010010011
0111001010010100
0111001010010110
0111001010010111
0111001010011011
0111001010011100
0111001010011101
0111001010011110
0111001010011111
0111001010100000
0111001010100010
0111001010100011
0111001010100100
0111001010100110
0111001010100111
0111001010101100
0111001010101110
0111001010101111
0111001010110000
0111001010110010
0111001010110011
0111001010110100
0111001010110110
0111001010110111
0111001010111011
0111001010111100
0111001010111101
0111001010111110
0111001010111111
0111001011000100
0111001011000101
0111001011000110
0111001011000111
0111001011001100
0111001011001101
0111001011001110
0111001011001111
0111001011010000
0111001011010010
0111001011010011
0111001011010100
0111001011010110
0111001011010111
0111001011011011
0111001011011101
0111001011011110
0111001011011111
0111001011100011
0111001011100100
0111001011100101
0111001011100111
0111001011101100
0111001011101111
0111001011110011
0111001011110100
0111001011110101
0111001011110111
0111001011111100
0111001011111101
0111001100101001
0111001100101010
0111001100101011
0111001100101100
0111001100101110
0111001100111001
0111001100111010
0111001100111011
0111001100111100
0111001100111110
0111001101001000
0111001101001001
0111001101001010
0111001101001100
0111001101001110
0111001101011000
0111001101011001
0111001101011010
0111001101011011
0111001101011100
0111001101011110
0111001101101000
0111001101101001
0111001101101010
0111001101101100
0111001101101110
0111001101111000
0111001101111001
0111001101111010
0111001101111011
0111001101111100
0111001101111110
0111001110001011
0111001110001100
0111001110001110
0111001110010010
0111001110010011
0111001110010100
0111001110010110
0111001110011011
0111001110011100
0111001110011110
0111001110100010
0111001110100011
0111001110100100
0111001110100110
0111001110101011
0111001110101100
0111001110101110
0111001110110000
0111001110110010
0111001110110011
0111001110111011
0111001110111100
0111001110111110
0111001111000100
0111001111000110
0111001111001011
0111001111001100
0111001111010000
0111001111010010
0111001111010011
0111001111010100
0111001111010110
0111001111011011
0111001111011100
0111001111011110
0111001111100011
0111001111100100
0111001111101100
0111001111110011
0111001111110100
0111010000101000
0111010000101010
0111010000101011
0111010000101100
0111010000101101
0111010000101111
0111010000111001
0111010000111010
0111010000111100
0111010000111101
0111010000111110
0111010000111111
0111010001001001
0111010001001010
0111010001001011
0111010001001100
0111010001001101
0111010001001110
0111010001001111
0111010001011000
0111010001011001
0111010001011010
0111010001011011
0111010001011110
0111010001011111
0111010001101000
0111010001101001
0111010001101010
0111010001101100
0111010001101101
0111010001101110
0111010001101111
0111010001111000
0111010001111001
0111010001111010
0111010001111011
0111010001111100
0111010001111101
0111010001111110
0111010010001011
0111010010001100
0111010010001101
0111010010001110
0111010010001111
0111010010010000
0111010010010011
0111010010010100
0111010010010110
0111010010010111
0111010010011011
0111010010011100
0111010010011101
0111010010011110
0111010010011111
0111010010100000
0111010010100010
0111010010100011
0111010010100100
0111010010100110
0111010010100111
0111010010101100
0111010010101110
0111010010101111
0111010010110010
0111010010110100
0111010010111011
0111010010111100
0111010010111101
0111010010111110
0111010011000100
0111010011000101
0111010011000110
0111010011000111
0111010011001100
0111010011001101
0111010011001110
0111010011001111
0111010011010000
0111010011010010
0111010011010011
0111010011010100
0111010011010110
0111010011010111
0111010011011011
0111010011011100
0111010011011101
0111010011011110
0111010011011111
0111010011100011
0111010011100100
0111010011100101
0111010011100111
0111010011101100
0111010011101101
0111010011101111
0111010011110011
0111010011110100
0111010011110111
0111010011111100
0111010100101000
0111010100111000
0111010100111010
0111010100111011
0111010100111100
0111010100111110
0111010101001100
0111010101001110
0111010101101000
0111010101101100
0111010101111000
0111010101111001
0111010101111100
0111010110001011
0111010110001100
0111010110001110
0111010110010000
0111010110010010
0111010110010100
0111010110010110
0111010110011011
0111010110011100
0111010110011110
0111010110100000
0111010110100011
0111010110100100
0111010110100110
0111010110101100
0111010110110000
0111010110110010
0111010110110011
0111010110110100
0111010110111100
0111010111000100
0111010111000110
0111010111001011
0111010111001100
0111010111001110
0111010111010000
0111010111010010
0111010111010011
0111010111011100
0111010111100011
0111010111100100
0111010111101100
0111010111110011
0111010111110100
0111011000101000
0111011000101001
0111011000101010
0111011000101100
0111011000101110
0111011000111000
0111011000111100
0111011001011001
0111011001011010
0111011001011100
0111011001011110
0111011001101001
0111011001101010
0111011001101100
0111011001111000
0111011001111001
0111011001111010
0111011001111100
0111011001111110
0111011010001011
0111011010001100
0111011010001110
0111011010010000
0111011010010010
0111011010010110
0111011010011011
0111011010011100
0111011010011110
0111011010100000
0111011010100010
0111011010100100
0111011010100110
0111011010101100
0111011010110000
0111011010111100
0111011011000100
0111011011000110
0111011011001100
0111011011001110
0111011011010010
0111011011010100
0111011011100100
0111011011101100
0111011011110100
0111011011111100
0111011100101000
0111011100101010
0111011100111000
0111011100111010
0111011101001000
0111011101011000
0111011110010000
0111011110010010
0111011110110000
0111011110110010
0111011111010000
0111011111010010
0111100000101000
0111100000101001
0111100000101010
0111100000101011
0111100000101100
0111100000101110
0111100000101111
0111100000110010
0111100000110011
0111100000110100
0111100000110101
0111100000110110
0111100000110111
0111100000111000
0111100000111001
0111100000111010
0111100000111011
0111100000111101
0111100000111110
0111100001001000
0111100001001001
0111100001001010
0111100001001100
0111100001001101
0111100001001110
0111100001001111
0111100001010000
0111100001010010
0111100001010011
0111100001010100
0111100001010101
0111100001010110
0111100001010111
0111100001011000
0111100001011011
0111100001011100
0111100001011101
0111100001011110
0111100001011111
0111100001100000
0111100001100010
0111100001100011
0111100001100110
0111100001100111
0111100001101011
0111100001101100
0111100001101101
0111100001101110
0111100001101111
0111100001110000
0111100001110010
0111100001110011
0111100001110100
0111100001110101
0111100001110110
0111100001111011
0111100001111100
0111100001111101
0111100001111110
0111100010001100
0111100010001101
0111100010001111
0111100010010011
0111100010011100
0111100010011101
0111100010011111
0111100011000100
0111100011000101
0111100011000111
0111100011001100
0111100011001101
0111100011001111
0111100011010011
0111100011010100
0111100011010101
0111100011010111
0111100011011100
0111100011011101
0111100011011111
0111100100101000
0111100100101001
0111100100101010
0111100100101011
0111100100101100
0111100100101101
0111100100101111
0111100100110000
0111100100110010
0111100100110011
0111100100110100
0111100100110101
0111100100110110
0111100100110111
0111100100111000
0111100100111001
0111100100111010
0111100100111011
0111100100111100
0111100100111110
0111100100111111
0111100101001000
0111100101001001
0111100101001010
0111100101001011
0111100101001101
0111100101001110
0111100101001111
0111100101010000
0111100101010010
0111100101010011
0111100101010100
0111100101010110
0111100101010111
0111100101011000
0111100101011001
0111100101011010
0111100101011100
0111100101011101
0111100101011110
0111100101011111
0111100101100000
0111100101100010
0111100101100011
0111100101100100
0111100101100101
0111100101100110
0111100101100111
0111100101101011
0111100101101100
0111100101101101
0111100101101110
0111100101101111
0111100101110000
0111100101110010
0111100101110011
0111100101110100
0111100101110101
0111100101110111
0111100101111011
0111100101111100
0111100101111101
0111100101111110
0111100110001100
0111100110001101
0111100110001111
0111100110010011
0111100110010100
0111100110010101
0111100110011100
0111100110011101
0111100110011111
0111100111000101
0111100111000111
0111100111001100
0111100111001101
0111100111001111
0111100111010100
0111100111010111
0111100111011100
0111100111011101
0111101000101000
0111101000101001
0111101000101010
0111101000101011
0111101000101100
0111101000101101
0111101000101110
0111101000110000
0111101000110010
0111101000110011
0111101000110100
0111101000110101
0111101000110110
0111101000110111
0111101000111000
0111101000111001
0111101000111010
0111101000111011
0111101000111100
0111101000111101
0111101000111111
0111101001001000
0111101001001001
0111101001001010
0111101001001011
0111101001001100
0111101001001110
0111101001001111
0111101001010000
0111101001010010
0111101001010011
0111101001010100
0111101001010110
0111101001010111
0111101001011001
0111101001011010
0111101001011011
0111101001011101
0111101001011111
0111101001100011
0111101001100100
0111101001100101
0111101001100110
0111101001100111
0111101001101100
0111101001101101
0111101001101110
0111101001101111
0111101001110000
0111101001110010
0111101001110011
0111101001110100
0111101001110110
0111101001110111
0111101001111011
0111101001111100
0111101001111110
0111101010001100
0111101010001101
0111101010001111
0111101010010011
0111101010010100
0111101010011100
0111101011011100
0111101100101000
0111101100101001
0111101100101010
0111101100101011
0111101100101100
0111101100101110
0111101100110000
0111101100110010
0111101100110011
0111101100111000
0111101100111001
0111101100111010
0111101100111011
0111101100111100
0111101100111110
0111101101001000
0111101101001001
0111101101001010
0111101101001011
0111101101001100
0111101101010000
0111101101010010
0111101101010011
0111101101010100
0111101101011000
0111101101011001
0111101101011100
0111101101100000
0111101101100010
0111101101100110
0111101101110000
0111101101110010
0111101101110011
0111101101110100
0111101101111100
0111101110001100
0111101110010011
0111101110010100
0111101110011100
0111101111001100
0111101111010011
0111101111010100
0111101111011100
0111110000101000
0111110000101001
0111110000101010
0111110000101011
0111110000101100
0111110000101101
0111110000101110
0111110000101111
0111110000110000
0111110000110010
0111110000110011
0111110000110100
0111110000110101
0111110000110110
0111110000110111
0111110000111000
0111110000111001
0111110000111010
0111110000111011
0111110000111100
0111110000111101
0111110001001000
0111110001001001
0111110001001010
0111110001001011
0111110001001100
0111110001001101
0111110001001110
0111110001010000
0111110001010010
0111110001010011
0111110001010100
0111110001010110
0111110001010111
0111110001011000
0111110001011001
0111110001011010
0111110001011011
0111110001011100
0111110001011101
0111110001011111
0111110001100000
0111110001100010
0111110001100011
0111110001100100
0111110001100101
0111110001100110
0111110001100111
0111110001101000
0111110001101001
0111110001101010
0111110001101011
0111110001101100
0111110001101110
0111110001101111
0111110001110000
0111110001110010
0111110001110011
0111110001110100
0111110001110101
0111110001110110
0111110001110111
0111110001111000
0111110001111001
0111110001111010
0111110001111011
0111110001111101
0111110001111110
0111110010001100
0111110010001101
0111110010001110
0111110010001111
0111110010010000
0111110010010010
0111110010010011
0111110010010100
0111110010010110
0111110010010111
0111110010011011
0111110010011100
0111110010011101
0111110010011110
0111110010011111
0111110011000100
0111110011000101
0111110011001011
0111110011001100
0111110011001101
0111110011001110
0111110011001111
0111110011010000
0111110011010010
0111110011010011
0111110011010100
0111110011011011
0111110011011100
0111110011011101
0111110011011110
0111110011011111
0111110100101011
0111110100101100
0111110100101110
0111110100110000
0111110100110010
0111110100110011
0111110100110100
0111110100110110
0111110100111000
0111110100111001
0111110100111010
0111110100111011
0111110100111100
0111110100111110
0111110101001000
0111110101001100
0111110101001110
0111110101010000
0111110101011000
0111110101011001
0111110101011100
0111110101100000
0111110101100010
0111110101100011
0111110101100100
0111110101100110
0111110101101000
0111110101101001
0111110101101100
0111110101110000
0111110101110010
0111110101110011
0111110101110100
0111110101111000
0111110101111001
0111110101111100
0111110110001011
0111110110001110
0111110110010000
0111110110010010
0111110110010011
0111110110010100
0111110110010110
0111110110011100
0111110110011110
0111110111000100
0111110111000110
0111110111001011
0111110111001100
0111110111001110
0111110111010000
0111110111010010
0111110111010011
0111110111010100
0111110111011100
0111111000101000
0111111000101001
0111111000101010
0111111000101011
0111111000101100
0111111000101110
0111111000110000
0111111000110010
0111111000110011
0111111000110100
0111111000110110
0111111000111000
0111111000111001
0111111000111010
0111111000111011
0111111000111100
0111111000111110
0111111001001000
0111111001001001
0111111001001010
0111111001001100
0111111001001110
0111111001010000
0111111001010010
0111111001010110
0111111001011000
0111111001011001
0111111001011010
0111111001011100
0111111001011110
0111111001100000
0111111001100010
0111111001100100
0111111001100110
0111111001101000
0111111001101001
0111111001101010
0111111001101100
0111111001101110
0111111001110010
0111111001110100
0111111001110110
0111111001111000
0111111001111001
0111111001111010
0111111001111100
0111111010001011
0111111010001100
0111111010001110
0111111010010010
0111111010010011
0111111010010100
0111111010010110
0111111010011011
0111111010011110
0111111011000100
0111111011000110
0111111011001100
0111111011001110
0111111011010000
0111111011010010
0111111011010100
0111111011011100
