1010001100100110
1010001100100111
1010001100101001
1010001100101101
1010001100101111
1010001100110000
1010001100110010
1010001100110110
1010001100110111
1010001100111101
1010001100111111
1010001101000100
1010001101000101
1010001101000110
1010001101000111
1010001101001000
1010001101001011
1010001101001100
1010001101001101
1010001101001110
1010001101001111
1010001101010111
1010001101011001
1010001101011011
1010001101011100
1010001101011101
1010001101011110
1010001101011111
1010001101100000
1010001101100010
1010001101100011
1010001101100100
1010001101100101
1010001101100110
1010001101101000
1010001101101001
1010001101101011
1010001101101101
1010001101101110
1010001101101111
1010001101110000
1010001101110010
1010001101110011
1010001101110100
1010001101110101
1010001101110111
1010001101111000
1010001101111001
1010001101111010
1010001101111011
1010001101111100
1010001101111101
1010001101111110
1010001110000110
1010001110000111
1010001110001001
1010001110001011
1010001110001101
1010001110001111
1010001110010110
1010001110010111
1010001110011000
1010001110011001
1010001110011010
1010001110011011
1010001110011100
1010001110011101
1010001110011110
1010001110011111
1010001110100000
1010001110100100
1010001110100110
1010001110100111
1010001110101100
1010001110101101
1010001110101111
1010001110110000
1010001110110110
1010001110110111
1010001110111001
1010001110111011
1010001110111101
1010001111000111
1010001111001000
1010001111001001
1010001111001010
1010001111001011
1010001111001100
1010001111001101
1010001111001110
1010001111001111
1010001111010111
1010001111011000
1010001111011001
1010001111011010
1010001111011011
1010001111011100
1010001111011101
1010001111011110
1010001111100111
1010001111101000
1010001111101011
1010001111101100
1010001111101101
1010001111101110
1010010100111000
1010010101110000
1010010101111001
1010010101111100
1010010101111101
1010010101111110
1010010110001100
1010010110001101
1010010110001110
1010010110011100
1010010110011101
1010010110011110
1010010110111000
1010010110111001
1010010110111100
1010010110111101
1010010110111110
1010010111001000
1010010111001001
1010010111001100
1010010111001101
1010010111001110
1010010111011001
1010010111011100
1010010111011101
1010010111011110
1010010111100000
1010010111100010
1010010111100100
1010010111100101
1010010111100110
1010010111101000
1010010111101001
1010010111101100
1010010111101101
1010010111101110
1010011000100101
1010011000101001
1010011000101101
1010011000101111
1010011000110000
1010011000110010
1010011000110011
1010011000110100
1010011000110101
1010011000110110
1010011000111000
1010011000111001
1010011000111010
1010011000111110
1010011000111111
1010011001000101
1010011001000111
1010011001001001
1010011001001011
1010011001001101
1010011001001111
1010011001010111
1010011001011000
1010011001011001
1010011001011101
1010011001011110
1010011001011111
1010011001100011
1010011001100111
1010011001101101
1010011001101111
1010011001110000
1010011001110010
1010011001110011
1010011001110100
1010011001110110
1010011001110111
1010011001111000
1010011001111011
1010011001111110
1010011010000101
1010011010000111
1010011010001001
1010011010001011
1010011010001101
1010011010001111
1010011010011000
1010011010011001
1010011010011011
1010011010011110
1010011010100011
1010011010101111
1010011010110000
1010011010110011
1010011010110111
1010011010111000
1010011010111001
1010011010111011
1010011010111101
1010011010111110
1010011011010111
1010011011011000
1010011011011011
1010011011011101
1010011011011110
1010011011100011
1010011011100101
1010011011100111
1010011011101001
1010011011101011
1010011011101101
1010011100100110
1010011100101101
1010011100110000
1010011100110010
1010011100110110
1010011100111010
1010011101000100
1010011101000110
1010011101001000
1010011101001100
1010011101001110
1010011101011001
1010011101011101
1010011101011110
1010011101100100
1010011101100101
1010011101100110
1010011101101000
1010011101101001
1010011101101101
1010011101101110
1010011101110000
1010011101110010
1010011101110100
1010011101110110
1010011101111000
1010011101111100
1010011101111110
1010011110000110
1010011110001101
1010011110010110
1010011110011001
1010011110011010
1010011110011100
1010011110011110
1010011110100000
1010011110100010
1010011110100100
1010011110100110
1010011110101000
1010011110101100
1010011110101101
1010011110101110
1010011110110000
1010011110110010
1010011110111001
1010011110111010
1010011111000100
1010011111001000
1010011111001100
1010011111001110
1010011111010110
1010011111011000
1010011111011001
1010011111011100
1010011111011110
1010011111100000
1010011111100010
1010011111100100
1010011111100110
1010011111101000
1010011111101100
1010011111101110
1010100100101111
1010100100110000
1010100100110011
1010100100110111
1010100100111000
1010100100111011
1010100101101111
1010100101110000
1010100101110011
1010100101110111
1010100101111000
1010100101111001
1010100101111011
1010100101111110
1010100110000100
1010100110000101
1010100110000110
1010100110001000
1010100110001001
1010100110001100
1010100110001101
1010100110001110
1010100110001111
1010100110010111
1010100110011000
1010100110100000
1010100110100011
1010100110110000
1010100110110011
1010100110110111
1010100111000100
1010100111001000
1010100111010111
1010100111011000
1010100111100000
1010100111100010
1010100111100011
1010100111100100
1010100111100110
1010100111101000
1010101000110011
1010101000110111
1010101011000111
1010101011100111
1010101100100111
1010101100111101
1010101100111111
1010101101000111
1010101101001111
1010101101100011
1010101101100111
1010101101110011
1010101101111000
1010101101111001
1010101110000110
1010101110000111
1010101110001001
1010101110010111
1010101110011000
1010101110100111
1010101111000100
1010101111000101
1010101111000111
1010101111001000
1010101111100000
1010101111100011
1010101111100100
1010101111100101
1010101111100110
1010110000100101
1010110000101001
1010110000101101
1010110000101111
1010110000110010
1010110000110011
1010110000110100
1010110000111000
1010110000111001
1010110000111010
1010110000111100
1010110000111101
1010110000111110
1010110000111111
1010110001000111
1010110001001001
1010110001001011
1010110001001101
1010110001001111
1010110001010111
1010110001011001
1010110001011011
1010110001011100
1010110001011101
1010110001011110
1010110001011111
1010110001110000
1010110001110010
1010110001110011
1010110001110100
1010110001110101
1010110001110111
1010110001111000
1010110001111001
1010110001111010
1010110001111011
1010110001111100
1010110001111101
1010110010000101
1010110010000111
1010110010001001
1010110010001011
1010110010001101
1010110010010111
1010110010011000
1010110010100011
1010110010100111
1010110010110011
1010110010110111
1010110010111000
1010110011000101
1010110011000111
1010110011010111
1010110011011000
1010110011100011
1010110011100101
1010110011100111
1010110100110000
1010110100111001
1010110100111101
1010110101111000
1010110101111001
1010110101111100
1010110110000110
1010110110001001
1010110110001101
1010110110011000
1010110110100000
1010110111000100
1010110111000101
1010110111001000
1010110111011000
1010110111100000
1010110111100010
1010110111100100
1010110111100101
1010110111100110
1010111000101101
1010111000110000
1010111000110010
1010111000111100
1010111000111101
1010111000111110
1010111001000101
1010111001001001
1010111001001101
1010111001001111
1010111001011000
1010111001011001
1010111001011100
1010111001011101
1010111001011110
1010111001011111
1010111001100011
1010111001100101
1010111001101001
1010111001110000
1010111001110010
1010111001110011
1010111001110100
1010111001110110
1010111001111000
1010111001111001
1010111001111010
1010111010000101
1010111010001001
1010111010001101
1010111010011000
1010111010110011
1010111011000101
1010111011011000
1010111011100011
1010111011100101
1010111100101100
1010111100101101
1010111100101110
1010111100110000
1010111100110010
1010111100111100
1010111100111101
1010111100111110
1010111101000100
1010111101000101
1010111101000110
1010111101001000
1010111101001001
1010111101001100
1010111101001101
1010111101001110
1010111101011000
1010111101011001
1010111101011100
1010111101100000
1010111101100010
1010111101100100
1010111101100101
1010111101100110
1010111101101000
1010111101101001
1010111101110000
1010111101110010
1010111101110100
1010111110000101
1010111110000110
1010111110001000
1010111110001001
1010111110001100
1010111110001101
1010111110010100
1010111110010101
1010111110010110
1010111110011000
1010111110100100
1010111110100110
1010111110110000
1010111110110010
1010111110110100
1010111111000100
1010111111000101
1010111111010100
1011001000101001
1011001000110011
1011001000110101
1011001000110110
1011001000110111
1011001000111001
1011001001001011
1011001001001110
1011001001001111
1011001001010011
1011001001010111
1011001001011001
1011001001011011
1011001001011101
1011001001011110
1011001001011111
1011001001100010
1011001001100011
1011001001100101
1011001001100110
1011001001101001
1011001001101011
1011001001110010
1011001001110101
1011001001110111
1011001001111001
1011001001111010
1011001001111011
1011001010001001
1011001010001011
1011001010001101
1011001010001110
1011001010001111
1011001010010011
1011001010010111
1011001010011001
1011001010011011
1011001010011101
1011001010011110
1011001010011111
1011001010100111
1011001010110011
1011001010110111
1011001010111001
1011001010111011
1011001011000111
1011001011001001
1011001011001011
1011001011001101
1011001011001110
1011001011001111
1011001011010111
1011001011011001
1011001011011011
1011001011011101
1011001011011110
1011001011101001
1011001011101011
1011001100100100
1011001100100101
1011001100100110
1011001100100111
1011001100101001
1011001100110000
1011001100110010
1011001100110101
1011001100110110
1011001100110111
1011001101000101
1011001101000110
1011001101000111
1011001101001110
1011001101001111
1011001101010000
1011001101010011
1011001101100111
1011001101101001
1011001101101011
1011001101110000
1011001101110010
1011001101110011
1011001101110100
1011001101110101
1011001101110110
1011001101111000
1011001101111001
1011001101111010
1011001101111011
1011001110000101
1011001110000111
1011001110001010
1011001110001100
1011001110001110
1011001110001111
1011001110010000
1011001110010010
1011001110010110
1011001110010111
1011001110011010
1011001110011100
1011001110011110
1011001110011111
1011001110100000
1011001110100010
1011001110100011
1011001110100110
1011001110100111
1011001110101000
1011001110101001
1011001110101011
1011001110110000
1011001110110010
1011001110110101
1011001110110110
1011001110110111
1011001110111010
1011001111000111
1011001111001000
1011001111001001
1011001111001010
1011001111001011
1011001111001100
1011001111001110
1011001111001111
1011001111010111
1011001111011010
1011001111011100
1011001111011110
1011001111100111
1011001111101000
1011001111101001
1011001111101010
1011001111101011
1011010000101000
1011010000101001
1011010000101011
1011010000110000
1011010000110010
1011010000110101
1011010000110110
1011010000110111
1011010000111010
1011010001001110
1011010001001111
1011010001010000
1011010001010011
1011010001010111
1011010001011000
1011010001011001
1011010001011100
1011010001011101
1011010001011110
1011010001011111
1011010001100000
1011010001100010
1011010001100011
1011010001100100
1011010001100101
1011010001100110
1011010001100111
1011010001101000
1011010001101011
1011010001110000
1011010001110010
1011010001110011
1011010001110100
1011010001110101
1011010001110110
1011010001110111
1011010001111001
1011010001111010
1011010001111011
1011010010001100
1011010010001110
1011010010001111
1011010010010111
1011010010011100
1011010010011110
1011010010011111
1011010010100000
1011010010100011
1011010010100111
1011010010110000
1011010010110111
1011010011000111
1011010011001000
1011010011001001
1011010011001011
1011010011001100
1011010011001101
1011010011001110
1011010011001111
1011010011010111
1011010011011100
1011010011011110
1011010011101000
1011010011101001
1011010011101011
1011010100110000
1011010100111000
1011010100111001
1011010101111000
1011010110000100
1011010110000101
1011010110000110
1011010110001001
1011010110001100
1011010110001101
1011010110001110
1011010110011000
1011010110011001
1011010110011100
1011010110011101
1011010110011110
1011010110100000
1011010110111000
1011010110111001
1011010111000010
1011010111000101
1011010111000110
1011010111001000
1011010111001001
1011010111001100
1011010111001101
1011010111001110
1011010111010000
1011010111011000
1011010111011001
1011010111011100
1011010111100000
1011010111100100
1011010111100101
1011010111100110
1011010111101001
1011011000100100
1011011000100101
1011011000100110
1011011000101001
1011011000110000
1011011000110010
1011011000110011
1011011000110100
1011011000110101
1011011000110110
1011011000111000
1011011000111001
1011011000111010
1011011001000100
1011011001000101
1011011001000110
1011011001000111
1011011001001000
1011011001001011
1011011001001100
1011011001001110
1011011001001111
1011011001010000
1011011001010011
1011011001010111
1011011001011000
1011011001011001
1011011001011101
1011011001011110
1011011001011111
1011011001100000
1011011001100010
1011011001100011
1011011001100100
1011011001100101
1011011001100110
1011011001100111
1011011001101000
1011011001101001
1011011001110000
1011011001110010
1011011001110011
1011011001110100
1011011001110101
1011011001110110
1011011001110111
1011011001111000
1011011001111001
1011011010000100
1011011010000101
1011011010000110
1011011010000111
1011011010001000
1011011010001011
1011011010001100
1011011010001101
1011011010001110
1011011010001111
1011011010010000
1011011010010011
1011011010010111
1011011010011001
1011011010011011
1011011010011100
1011011010011101
1011011010011110
1011011010011111
1011011010100000
1011011010100011
1011011010110011
1011011010111000
1011011010111001
1011011011000010
1011011011000011
1011011011000100
1011011011000110
1011011011000111
1011011011001000
1011011011001011
1011011011001100
1011011011001101
1011011011010011
1011011011011000
1011011011100010
1011011011100100
1011011011100101
1011011011100110
1011011011100111
1011011011101000
1011011100100100
1011011100100101
1011011100100110
1011011100110000
1011011100110100
1011011100110101
1011011100110110
1011011100111000
1011011100111010
1011011101000100
1011011101000101
1011011101000110
1011011101001001
1011011101001100
1011011101001101
1011011101010000
1011011101011000
1011011101011001
1011011101011100
1011011101100000
1011011101100010
1011011101100100
1011011101100101
1011011101100110
1011011101101000
1011011101101001
1011011101110010
1011011101110100
1011011101111000
1011011110000100
1011011110000101
1011011110000110
1011011110001000
1011011110001001
1011011110010000
1011011110010010
1011011110011000
1011011110011010
1011011110011100
1011011110011101
1011011110011110
1011011110100000
1011011110100010
1011011110100100
1011011110100101
1011011110100110
1011011110101001
1011011110110000
1011011110110010
1011011110110100
1011011110111000
1011011110111001
1011011111000010
1011011111000100
1011011111000101
1011011111001000
1011011111001001
1011011111001010
1011011111001100
1011011111001101
1011011111001110
1011011111010000
1011011111010010
1011011111010100
1011011111011000
1011011111011001
1011011111011100
1011011111100000
1011011111100010
1011011111100101
1011011111100110
1011011111101000
1011011111101001
1011100000101001
1011100000110010
1011100000110101
1011100000110110
1011100000110111
1011100000111010
1011100001001110
1011100001010011
1011100001010101
1011100001010110
1011100001010111
1011100001011001
1011100001011010
1011100001011011
1011100001011101
1011100001011111
1011100001100010
1011100001100011
1011100001100101
1011100001100110
1011100001100111
1011100001101001
1011100001101010
1011100001101011
1011100001110010
1011100001110011
1011100001110101
1011100001110110
1011100001110111
1011100001111001
1011100001111010
1011100010001110
1011100010001111
1011100010010010
1011100010010101
1011100010010110
1011100010010111
1011100010011110
1011100010011111
1011100010100011
1011100010100101
1011100010100110
1011100010100111
1011100010110010
1011100010110101
1011100010110110
1011100010110111
1011100011000010
1011100011000011
1011100011000101
1011100011000110
1011100011001001
1011100011001010
1011100011001011
1011100011001101
1011100011001110
1011100011001111
1011100011010010
1011100011010101
1011100011010111
1011100011011010
1011100011100010
1011100011100011
1011100011100110
1011100011100111
1011100011101001
1011100100100100
1011100100100101
1011100100100110
1011100100100111
1011100100101000
1011100100101001
1011100100101011
1011100100110000
1011100100110010
1011100100110101
1011100100110110
1011100100110111
1011100100111010
1011100101000101
1011100101000110
1011100101000111
1011100101001100
1011100101001110
1011100101001111
1011100101010000
1011100101010011
1011100101010111
1011100101011000
1011100101011001
1011100101011100
1011100101011101
1011100101011110
1011100101100000
1011100101100010
1011100101100011
1011100101100100
1011100101100101
1011100101100110
1011100101100111
1011100101101000
1011100101101001
1011100101101011
1011100101110000
1011100101110010
1011100101110011
1011100101110100
1011100101110110
1011100101110111
1011100101111000
1011100101111001
1011100101111010
1011100101111011
1011100110000101
1011100110000110
1011100110000111
1011100110001010
1011100110001110
1011100110001111
1011100110010000
1011100110010010
1011100110010101
1011100110010110
1011100110010111
1011100110100010
1011100110100110
1011100110100111
1011100110101000
1011100110110000
1011100110110010
1011100110110101
1011100110110110
1011100110110111
1011100111000000
1011100111000010
1011100111000011
1011100111000100
1011100111000101
1011100111000110
1011100111000111
1011100111010000
1011100111010010
1011100111010101
1011100111010110
1011100111100000
1011100111100010
1011100111100011
1011100111100100
1011100111100101
1011100111100111
1011100111101000
1011101000100101
1011101000100110
1011101000100111
1011101000101001
1011101000110010
1011101000110011
1011101000110110
1011101000110111
1011101000111001
1011101001000101
1011101001000110
1011101001000111
1011101001001011
1011101001010111
1011101001011001
1011101001011011
1011101001110010
1011101001110011
1011101010000101
1011101010000110
1011101010000111
1011101010001001
1011101010001111
1011101010010011
1011101010010111
1011101010100111
1011101010110011
1011101011000010
1011101011000011
1011101011000101
1011101011000111
1011101011010011
1011101011100011
1011101100100100
1011101100100101
1011101100100110
1011101100100111
1011101100101000
1011101100101001
1011101100101011
1011101100110010
1011101100110101
1011101100110110
1011101100110111
1011101100111010
1011101101000101
1011101101000110
1011101101000111
1011101101010000
1011101101010011
1011101101100011
1011101110000110
1011101110000111
1011101110010101
1011101110010110
1011101110010111
1011101110100000
1011101110100011
1011101110100100
1011101110100101
1011101110100110
1011101110100111
1011101110110010
1011101111000000
1011101111000010
1011101111000011
1011101111000100
1011101111000101
1011101111000110
1011101111000111
1011101111001000
1011101111010000
1011101111010010
1011101111100000
1011101111100010
1011101111100011
1011110000100100
1011110000100101
1011110000100110
1011110000101000
1011110000101001
1011110000101010
1011110000110000
1011110000110010
1011110000110011
1011110000110100
1011110000110101
1011110000110110
1011110000111000
1011110000111001
1011110000111010
1011110001000100
1011110001000101
1011110001000110
1011110001000111
1011110001001000
1011110001001001
1011110001001010
1011110001001011
1011110001001100
1011110001001101
1011110001001110
1011110001001111
1011110001010000
1011110001010010
1011110001010011
1011110001010100
1011110001010101
1011110001010110
1011110001010111
1011110001011000
1011110001011001
1011110001011010
1011110001011011
1011110001011100
1011110001011101
1011110001011110
1011110001011111
1011110001100000
1011110001100010
1011110001100011
1011110001100100
1011110001100101
1011110001100110
1011110001100111
1011110001101000
1011110001101001
1011110001101011
1011110001110010
1011110001110011
1011110001110100
1011110001110101
1011110001110110
1011110001110111
1011110001111000
1011110001111001
1011110001111010
1011110001111011
1011110010000100
1011110010000101
1011110010000110
1011110010000111
1011110010001000
1011110010001001
1011110010001010
1011110010001011
1011110010001100
1011110010001101
1011110010010000
1011110010010010
1011110010010011
1011110010010100
1011110010010101
1011110010010110
1011110010010111
1011110010011000
1011110010100000
1011110010100010
1011110010100011
1011110010100100
1011110010100101
1011110010100111
1011110010101000
1011110010110000
1011110010110010
1011110010110011
1011110010110100
1011110010110101
1011110010110110
1011110010110111
1011110010111000
1011110011000000
1011110011000010
1011110011000011
1011110011000100
1011110011000101
1011110011000110
1011110011000111
1011110011001000
1011110011010000
1011110011010010
1011110011010011
1011110011010100
1011110011010101
1011110011010110
1011110011010111
1011110011011000
1011110011100000
1011110011100010
1011110011100011
1011110011100100
1011110011100101
1011110011100110
1011110011100111
1011110100100100
1011110100100101
1011110100100110
1011110100101000
1011110100101001
1011110100110000
1011110100110010
1011110100110101
1011110100110110
1011110100111010
1011110101000101
1011110101000110
1011110101001100
1011110101001110
1011110101010000
1011110101011000
1011110101011001
1011110101011100
1011110101100000
1011110101100010
1011110101100100
1011110101100101
1011110101100110
1011110101101000
1011110101101001
1011110101110000
1011110101110010
1011110101110100
1011110101111000
1011110101111001
1011110110000101
1011110110000110
1011110110001010
1011110110001100
1011110110010000
1011110110010010
1011110110010101
1011110110010110
1011110110100000
1011110110100010
1011110110100100
1011110110100101
1011110110100110
1011110110101000
1011110110110000
1011110110110010
1011110111000000
1011110111000010
1011110111000100
1011110111000101
1011110111000110
1011110111001000
1011110111010000
1011110111010010
1011110111100000
1011110111100010
1011110111100100
1011110111100101
1011110111100110
1011110111101000
1011111000110010
1011111001001010
1011111001010010
1011111001010011
1011111001010100
1011111001010110
1011111001011000
1011111001011001
1011111001011010
1011111001100000
1011111001100010
1011111001100011
1011111001110000
1011111001110010
1011111001110011
1011111010000100
1011111010000101
1011111010000110
1011111010001000
1011111010001001
1011111010001100
1011111010001101
1011111010010000
1011111010010010
1011111010010110
1011111010011000
1011111010100000
1011111010100011
1011111010100100
1011111010100110
1011111010110000
1011111010110010
1011111010110011
1011111010110100
1011111010111000
1011111011000000
1011111011000010
1011111011000011
1011111011000100
1011111011000101
1011111011000110
1011111011010000
1011111011010010
1011111011010011
1011111011010100
1011111011011000
1011111011100000
1011111011100010
1011111011100011
