0100001100101000
0100001100101001
0100001100101010
0100001100101100
0100001100101101
0100001100101110
0100001100111010
0100001100111100
0100001100111110
0100001100111111
0100001101001010
0100001101001100
0100001101001110
0100001101001111
0100001101011000
0100001101011001
0100001101011010
0100001101011011
0100001101011100
0100001101011101
0100001101011110
0100001101011111
0100001101101000
0100001101101001
0100001101101010
0100001101101011
0100001101101101
0100001101101110
0100001101101111
0100001101111000
0100001101111001
0100001101111010
0100001101111011
0100001101111100
0100001101111101
0100001101111110
0100001110000101
0100001110000110
0100001110000111
0100001110001010
0100001110001100
0100001110001110
0100001110001111
0100001110010110
0100001110010111
0100001110011010
0100001110011100
0100001110011110
0100001110100000
0100001110100010
0100001110100011
0100001110100100
0100001110100101
0100001110100110
0100001110100111
0100001110101000
0100001110101001
0100001110101010
0100001110101011
0100001110101100
0100001110101101
0100001110101110
0100001110101111
0100001110110000
0100001110110010
0100001110110101
0100001110110110
0100001110110111
0100001110111010
0100001110111100
0100001110111110
0100001111000100
0100001111000101
0100001111000110
0100001111000111
0100001111001000
0100001111001001
0100001111001010
0100001111001011
0100001111001100
0100001111001101
0100001111001110
0100001111001111
0100001111010110
0100001111010111
0100001111011010
0100001111011100
0100001111011110
0100001111100000
0100001111100010
0100001111100011
0100001111100100
0100001111100101
0100001111100110
0100001111100111
0100001111101000
0100001111101001
0100001111101010
0100001111101011
0100001111101100
0100001111101101
0100001111101110
0100010100101100
0100010100101110
0100010100111000
0100010100111010
0100010100111100
0100010100111110
0100010101001100
0100010101001110
0100010101011000
0100010101011110
0100010101101000
0100010101101110
0100010101111010
0100010101111100
0100010101111110
0100010110001100
0100010110001110
0100010110011110
0100010110100100
0100010110100110
0100010110101000
0100010110101110
0100010110110100
0100010110110110
0100010110111000
0100010110111010
0100010110111100
0100010110111110
0100010111000100
0100010111000110
0100010111001000
0100010111001010
0100010111001100
0100010111001110
0100010111010110
0100010111011000
0100010111011010
0100010111011100
0100010111011110
0100010111100000
0100010111100010
0100010111100100
0100010111100110
0100010111101000
0100010111101010
0100010111101100
0100010111101110
0100011000111100
0100011000111110
0100011001011000
0100011001011010
0100011001011100
0100011001011110
0100011001111000
0100011001111010
0100011001111100
0100011001111110
0100011010010100
0100011010010110
0100011010011010
0100011010011100
0100011010011110
0100011010110000
0100011010110010
0100011010110100
0100011010110110
0100011010111000
0100011010111010
0100011010111100
0100011010111110
0100011011010100
0100011011010110
0100011011011000
0100011011011010
0100011011011100
0100011011011110
0100011100101100
0100011100101110
0100011100111100
0100011100111110
0100011101001000
0100011101001010
0100011101001100
0100011101001110
0100011101011000
0100011101011010
0100011101011100
0100011101101000
0100011101101010
0100011101101110
0100011101111000
0100011101111100
0100011101111110
0100011110000110
0100011110001000
0100011110001010
0100011110001100
0100011110001110
0100011110010100
0100011110010110
0100011110011000
0100011110011010
0100011110011100
0100011110011110
0100011110100000
0100011110100010
0100011110100100
0100011110100110
0100011110101000
0100011110101100
0100011110101110
0100011110110010
0100011110110100
0100011110110110
0100011110111010
0100011110111100
0100011110111110
0100011111000100
0100011111000110
0100011111001000
0100011111001010
0100011111001100
0100011111001110
0100011111010100
0100011111010110
0100011111011000
0100011111011010
0100011111011100
0100011111011110
0100011111100000
0100011111100100
0100011111100110
0100011111101000
0100011111101100
0100011111101110
0100100100101100
0100100100101111
0100100100110010
0100100100110110
0100100101000110
0100100101000111
0100100101100000
0100100101100010
0100100101100011
0100100101100100
0100100101100110
0100100101101000
0100100101110010
0100100101110011
0100100101110100
0100100101110111
0100100101111000
0100100101111001
0100100101111010
0100100110000110
0100100110000111
0100100110001010
0100100110001110
0100100110001111
0100100110010110
0100100110010111
0100100110011010
0100100110011100
0100100110011110
0100100110100000
0100100110100010
0100100110100110
0100100110100111
0100100110101000
0100100110101100
0100100110101110
0100100110101111
0100100110110000
0100100110110110
0100100110111010
0100100110111100
0100100110111110
0100100111000100
0100100111000101
0100100111000110
0100100111000111
0100100111001000
0100100111001010
0100100111001011
0100100111001100
0100100111001101
0100100111001110
0100100111001111
0100100111010110
0100100111010111
0100100111011010
0100100111011100
0100100111011110
0100100111100000
0100100111100010
0100100111100011
0100100111100100
0100100111100110
0100100111100111
0100100111101000
0100100111101011
0100100111101100
0100100111101101
0100100111101110
0100101000101111
0100101000110010
0100101000110011
0100101000111001
0100101000111010
0100101001000111
0100101001110010
0100101001110011
0100101001110110
0100101010000111
0100101010111110
0100101011000111
0100101011001111
0100101011011110
0100101011100011
0100101011100111
0100101100100100
0100101100100110
0100101100101000
0100101100101100
0100101100110000
0100101100110010
0100101100110110
0100101101000110
0100101101000111
0100101101011000
0100101101100000
0100101101100010
0100101101100011
0100101101100100
0100101101100110
0100101101100111
0100101101101000
0100101101110010
0100101101110011
0100101101110100
0100101101110110
0100101101110111
0100101110000101
0100101110000110
0100101110001010
0100101110011100
0100101110100000
0100101110100010
0100101110100011
0100101110100110
0100101110100111
0100101110101000
0100101110101100
0100101110110000
0100101110110010
0100101110110110
0100101110110111
0100101110111010
0100101110111100
0100101111000101
0100101111000110
0100101111000111
0100101111001000
0100101111001001
0100101111001010
0100101111001011
0100101111001100
0100101111001101
0100101111010110
0100101111010111
0100101111011010
0100101111011100
0100101111100000
0100101111100010
0100101111100011
0100101111100100
0100101111100101
0100101111100110
0100101111100111
0100101111101000
0100101111101001
0100101111101010
0100101111101011
0100110000110000
0100110000111100
0100110001010100
0100110001010110
0100110001011000
0100110001011010
0100110001110000
0100110001110010
0100110001110100
0100110001110110
0100110001111000
0100110001111010
0100110010010100
0100110010010110
0100110010011000
0100110010011010
0100110010011100
0100110010111100
0100110011010110
0100110011011000
0100110011011010
0100110011011100
0100110100101100
0100110100101110
0100110100110000
0100110100110010
0100110101000110
0100110101001100
0100110101100000
0100110101100010
0100110101100100
0100110101100110
0100110101101000
0100110110000110
0100110110001010
0100110110001100
0100110110100000
0100110110100010
0100110110100100
0100110110100110
0100110110101100
0100110110111100
0100110111000110
0100110111001000
0100110111001010
0100110111001100
0100110111010110
0100110111011010
0100110111011100
0100110111100000
0100110111100010
0100110111100110
0100110111101000
0100110111101010
0100110111101100
0100111001011100
0100111001110000
0100111010011100
0100111010110000
0100111010110010
0100111010111100
0100111011011100
0100111101001100
0100111101001110
0100111101011100
0100111101100000
0100111101100010
0100111101110000
0100111101110010
0100111110001100
0100111110011100
0100111110100000
0100111110100010
0100111110101100
0100111110110010
0100111111001100
0101001000111001
0101001000111010
0101001001001110
0101001001011110
0101001001011111
0101001001111011
0101001010001110
0101001011000010
0101001011000011
0101001011000110
0101001011000111
0101001011001110
0101001011001111
0101001011011110
0101001011100010
0101001011100011
0101001011100110
0101001011100111
0101001100101000
0101001100111000
0101001100111001
0101001100111010
0101001101001000
0101001101001100
0101001101001110
0101001101011000
0101001101011100
0101001101011110
0101001101011111
0101001101101000
0101001101111000
0101001101111001
0101001101111010
0101001101111011
0101001110000100
0101001110000101
0101001110000111
0101001110001000
0101001110001001
0101001110001010
0101001110001011
0101001110001100
0101001110001101
0101001110001110
0101001110001111
0101001110010000
0101001110010010
0101001110010011
0101001110010100
0101001110010110
0101001110010111
0101001110011000
0101001110011001
0101001110011010
0101001110011011
0101001110011100
0101001110011110
0101001110100000
0101001110100010
0101001110100011
0101001110100100
0101001110100110
0101001110101000
0101001110110000
0101001110110010
0101001110110011
0101001110110100
0101001110110110
0101001110110111
0101001110111000
0101001110111001
0101001110111010
0101001110111011
0101001111000000
0101001111000010
0101001111000011
0101001111000100
0101001111000110
0101001111000111
0101001111001000
0101001111001011
0101001111001100
0101001111001110
0101001111010000
0101001111010110
0101001111010111
0101001111011000
0101001111011001
0101001111011010
0101001111011011
0101001111011100
0101001111011110
0101001111100000
0101001111100010
0101001111100011
0101001111100100
0101001111100110
0101001111101000
0101001111101011
0101010000111000
0101010000111010
0101010001001100
0101010001001110
0101010001011000
0101010001011110
0101010001111000
0101010010001100
0101010010001110
0101010010011000
0101010010011100
0101010010110000
0101010010111000
0101010011000000
0101010011000010
0101010011000100
0101010011000110
0101010011001000
0101010011001100
0101010011001110
0101010011010000
0101010011011000
0101010011011100
0101010011011110
0101010011100000
0101010011100010
0101010011100100
0101010011100110
0101010011101000
0101010100111000
0101010110001110
0101010110011100
0101010110011110
0101010111000010
0101010111000110
0101010111001100
0101010111001110
0101010111100010
0101010111100100
0101010111100110
0101010111101000
0101011001001000
0101011001001100
0101011001001110
0101011001011100
0101011001011110
0101011001101000
0101011001111010
0101011010000100
0101011010000110
0101011010001000
0101011010001100
0101011010001110
0101011010010000
0101011010011000
0101011010011100
0101011010011110
0101011011000010
0101011011000100
0101011011000110
0101011011001000
0101011011001100
0101011011001110
0101011011010000
0101011011011100
0101011011100010
0101011011100100
0101011011100110
0101011011101000
0101011101001100
0101011101001110
0101011101101000
0101011101111000
0101011110000110
0101011110001000
0101011110001100
0101011110001110
0101011110010000
0101011110010010
0101011110010100
0101011110010110
0101011110011000
0101011110011010
0101011110011100
0101011110011110
0101011110100000
0101011110100100
0101011110100110
0101011110110000
0101011110110010
0101011110110100
0101011110111000
0101011111000010
0101011111000100
0101011111000110
0101011111001000
0101011111001010
0101011111001100
0101011111001110
0101011111010000
0101011111010010
0101011111011000
0101011111011100
0101011111100000
0101011111100010
0101011111100110
0101011111101000
0101100000101001
0101100000101010
0101100000110010
0101100000110011
0101100000110101
0101100000110110
0101100000111001
0101100001001011
0101100001001101
0101100001001110
0101100001001111
0101100001010010
0101100001010011
0101100001010111
0101100001011001
0101100001011010
0101100001011011
0101100001011101
0101100001011111
0101100001100010
0101100001100011
0101100001100101
0101100001100110
0101100001101001
0101100001101010
0101100001101011
0101100001110010
0101100001110011
0101100001110111
0101100001111001
0101100001111010
0101100001111011
0101100010001001
0101100010001010
0101100010001101
0101100010001110
0101100010001111
0101100010010010
0101100010010011
0101100010010110
0101100010010111
0101100010011001
0101100010011010
0101100010011011
0101100010011101
0101100010011110
0101100010011111
0101100010100010
0101100010100110
0101100010100111
0101100010110011
0101100010110110
0101100010110111
0101100010111001
0101100010111010
0101100010111011
0101100011000010
0101100011000011
0101100011000101
0101100011000110
0101100011000111
0101100011001001
0101100011001010
0101100011001011
0101100011001101
0101100011001110
0101100011001111
0101100011010010
0101100011010011
0101100011010110
0101100011010111
0101100011011001
0101100011011010
0101100011011011
0101100011011101
0101100011011110
0101100011100010
0101100011100011
0101100011100101
0101100011100110
0101100011100111
0101100011101001
0101100011101010
0101100011101011
0101100100100100
0101100100100110
0101100100101000
0101100100110000
0101100100110010
0101100100110100
0101100100110110
0101100100111000
0101100100111001
0101100100111010
0101100101000100
0101100101000110
0101100101000111
0101100101001000
0101100101001100
0101100101001111
0101100101010000
0101100101100010
0101100101100011
0101100101100100
0101100101100110
0101100101100111
0101100101110000
0101100101110010
0101100101110011
0101100101110100
0101100101110110
0101100101111000
0101100101111001
0101100101111010
0101100101111011
0101100110000100
0101100110000111
0101100110001000
0101100110001001
0101100110001010
0101100110001011
0101100110001101
0101100110001110
0101100110001111
0101100110010000
0101100110010010
0101100110010011
0101100110010111
0101100110011000
0101100110011001
0101100110011011
0101100110011100
0101100110011101
0101100110011110
0101100110011111
0101100110100000
0101100110100010
0101100110100011
0101100110100110
0101100110100111
0101100110101000
0101100110110000
0101100110110010
0101100110110100
0101100110110110
0101100110110111
0101100110111000
0101100110111001
0101100110111010
0101100110111011
0101100111000000
0101100111000011
0101100111000100
0101100111000101
0101100111000110
0101100111000111
0101100111001000
0101100111001001
0101100111001010
0101100111001011
0101100111001100
0101100111001101
0101100111001110
0101100111001111
0101100111010000
0101100111010010
0101100111010011
0101100111010100
0101100111010110
0101100111010111
0101100111011000
0101100111011001
0101100111011010
0101100111011011
0101100111011100
0101100111011101
0101100111011110
0101100111100010
0101100111100011
0101100111100100
0101100111100101
0101100111100110
0101100111100111
0101100111101000
0101100111101001
0101100111101010
0101100111101011
0101101000100110
0101101000110010
0101101000110011
0101101000110110
0101101000111001
0101101000111010
0101101001000110
0101101001000111
0101101001110010
0101101001110011
0101101010000110
0101101010001110
0101101010001111
0101101010011110
0101101010011111
0101101011000010
0101101011000111
0101101011100010
0101101011100011
0101101100100100
0101101100100110
0101101100101000
0101101100110000
0101101100110010
0101101100110011
0101101100110100
0101101100110110
0101101100111000
0101101100111001
0101101100111010
0101101101000100
0101101101000110
0101101101000111
0101101101001000
0101101101010000
0101101101100010
0101101101100011
0101101101110011
0101101110000100
0101101110000101
0101101110000110
0101101110000111
0101101110001001
0101101110001010
0101101110001011
0101101110001100
0101101110001101
0101101110010000
0101101110010010
0101101110010011
0101101110010100
0101101110010110
0101101110011000
0101101110011001
0101101110011010
0101101110011011
0101101110011100
0101101110011101
0101101110100000
0101101110100010
0101101110100011
0101101110100100
0101101110100111
0101101110101000
0101101110110000
0101101110110010
0101101110110011
0101101110111000
0101101110111001
0101101111000000
0101101111000010
0101101111000011
0101101111000110
0101101111000111
0101101111001000
0101101111001001
0101101111001010
0101101111001011
0101101111010000
0101101111010010
0101101111010100
0101101111011000
0101101111011001
0101101111100011
0101110000110000
0101110000110010
0101110001000100
0101110001000110
0101110001001000
0101110001001010
0101110001001100
0101110001010000
0101110001010010
0101110001010110
0101110001011000
0101110001011010
0101110001100000
0101110001100010
0101110001100100
0101110001100110
0101110001101000
0101110001110000
0101110001110010
0101110001110100
0101110001110110
0101110001111000
0101110010000100
0101110010000110
0101110010001000
0101110010001010
0101110010001100
0101110010010000
0101110010010010
0101110010010100
0101110010010110
0101110010011010
0101110010011100
0101110010100000
0101110010100010
0101110010101000
0101110010110000
0101110010110010
0101110010110100
0101110010111000
0101110010111010
0101110011000000
0101110011000010
0101110011001000
0101110011001010
0101110011001100
0101110011010010
0101110011010110
0101110011011000
0101110011011010
0101110011011100
0101110011100000
0101110011100010
0101110011100100
0101110011100110
0101110011101000
0101110011101010
0101110100110000
0101110100110010
0101110101000110
0101110101001000
0101110101001100
0101110101100010
0101110101100100
0101110101100110
0101110101101000
0101110101110000
0101110101110010
0101110101111000
0101110110000110
0101110110001000
0101110110001100
0101110110010000
0101110110010010
0101110110010100
0101110110010110
0101110110011000
0101110110011010
0101110110011100
0101110110100000
0101110110100010
0101110110100100
0101110110100110
0101110110110000
0101110110110010
0101110110110100
0101110110111000
0101110111000010
0101110111000100
0101110111001000
0101110111001100
0101110111010000
0101110111010010
0101110111011100
0101110111100000
0101110111100010
0101110111100110
0101110111101000
0101111001010000
0101111001010010
0101111001100000
0101111001100010
0101111001110000
0101111001110010
0101111010010000
0101111010010010
0101111010011100
0101111010110000
0101111010110010
0101111011000000
0101111011000010
0101111011010000
0101111011010010
0101111011100000
0101111011100010
