0110001100101100
0110001100101101
0110001100101110
0110001100111100
0110001100111101
0110001100111110
0110001101001000
0110001101001001
0110001101001010
0110001101001100
0110001101001101
0110001101001110
0110001101001111
0110001101011000
0110001101011001
0110001101011010
0110001101011100
0110001101011101
0110001101011110
0110001101011111
0110001101101000
0110001101101001
0110001101101010
0110001101101101
0110001101101110
0110001101101111
0110001101111000
0110001101111001
0110001101111010
0110001101111100
0110001101111101
0110001101111110
0110001110000100
0110001110000101
0110001110000110
0110001110001000
0110001110001001
0110001110001010
0110001110001100
0110001110001101
0110001110001110
0110001110001111
0110001110100010
0110001110100011
0110001110100100
0110001110100101
0110001110100110
0110001110101000
0110001110101001
0110001110101010
0110001110101101
0110001110101110
0110001110101111
0110001110110000
0110001110110010
0110001110110011
0110001110110100
0110001110110110
0110001110111000
0110001110111001
0110001110111010
0110001110111100
0110001110111101
0110001110111110
0110001111000100
0110001111000101
0110001111001000
0110001111001001
0110001111001100
0110001111001101
0110001111001110
0110001111001111
0110001111010100
0110001111010101
0110001111010110
0110001111011001
0110001111011010
0110001111011100
0110001111011101
0110001111011110
0110001111100000
0110001111100010
0110001111100011
0110001111100100
0110001111100101
0110001111100110
0110001111101000
0110001111101001
0110001111101010
0110001111101100
0110001111101101
0110001111101110
0110010100101100
0110010100101110
0110010100111100
0110010100111110
0110010101001000
0110010101001100
0110010101001110
0110010101011100
0110010101011110
0110010101101000
0110010101101110
0110010101111000
0110010101111010
0110010101111100
0110010101111110
0110010110001100
0110010110001110
0110010110011100
0110010110011110
0110010110100100
0110010110101000
0110010110101110
0110010110110100
0110010110110110
0110010110111010
0110010110111100
0110010110111110
0110010111000100
0110010111000110
0110010111001000
0110010111001100
0110010111001110
0110010111010100
0110010111010110
0110010111011000
0110010111011010
0110010111011100
0110010111011110
0110010111100000
0110010111100010
0110010111100100
0110010111100110
0110010111101000
0110010111101010
0110010111101100
0110010111101110
0110011001011100
0110011001011110
0110011001111100
0110011001111110
0110011010011100
0110011010011110
0110011010110000
0110011010110010
0110011010111100
0110011010111110
0110011011011100
0110011011011110
0110011101001100
0110011101001110
0110011101011110
0110011101101110
0110011101111100
0110011101111110
0110011110001100
0110011110001110
0110011110011100
0110011110011110
0110011110100000
0110011110100010
0110011110101110
0110011110110000
0110011110111100
0110011110111110
0110011111001100
0110011111001110
0110011111011100
0110011111011110
0110011111100000
0110011111100010
0110011111101100
0110011111101110
0110100100101100
0110100100101110
0110100100110000
0110100100110010
0110100100111101
0110100100111110
0110100101000100
0110100101000110
0110100101001000
0110100101001100
0110100101001110
0110100101001111
0110100101011000
0110100101011100
0110100101011111
0110100101100000
0110100101100010
0110100101100011
0110100101100100
0110100101100110
0110100101101000
0110100101101110
0110100101101111
0110100101110000
0110100101110010
0110100101110011
0110100101110100
0110100101111001
0110100101111010
0110100101111100
0110100101111101
0110100101111110
0110100110000100
0110100110000101
0110100110001000
0110100110001001
0110100110001010
0110100110001100
0110100110001101
0110100110001110
0110100110001111
0110100110010100
0110100110011000
0110100110011001
0110100110011010
0110100110011101
0110100110011110
0110100110011111
0110100110100000
0110100110100010
0110100110100011
0110100110100100
0110100110101000
0110100110101110
0110100110101111
0110100110110000
0110100110110010
0110100110110011
0110100110110110
0110100110111000
0110100110111001
0110100110111010
0110100110111100
0110100110111101
0110100110111110
0110100111000100
0110100111000101
0110100111000110
0110100111001000
0110100111001001
0110100111001100
0110100111001101
0110100111001110
0110100111010100
0110100111010110
0110100111011000
0110100111011001
0110100111011010
0110100111011100
0110100111011101
0110100111011110
0110100111100000
0110100111100010
0110100111100011
0110100111100100
0110100111100101
0110100111100110
0110100111101000
0110100111101001
0110100111101010
0110100111101100
0110100111101101
0110100111101110
0110101000110010
0110101000111110
0110101001001111
0110101001110010
0110101001110011
0110101001110110
0110101001111010
0110101010001111
0110101010011110
0110101011100011
0110101100101100
0110101100101110
0110101100110000
0110101100110010
0110101100111100
0110101100111101
0110101101000100
0110101101000110
0110101101001000
0110101101001100
0110101101100010
0110101101100011
0110101101100100
0110101101100110
0110101101101000
0110101101110000
0110101101110010
0110101101110011
0110101101110100
0110101101111000
0110101101111001
0110101110000100
0110101110000101
0110101110000110
0110101110001000
0110101110001010
0110101110001100
0110101110001101
0110101110010110
0110101110011001
0110101110011010
0110101110011100
0110101110011101
0110101110100000
0110101110100010
0110101110101000
0110101110110000
0110101110110010
0110101110110011
0110101110110100
0110101110111000
0110101110111001
0110101110111100
0110101111000100
0110101111001000
0110101111001001
0110101111001100
0110101111001101
0110101111011000
0110101111011001
0110101111011100
0110101111100000
0110101111100010
0110101111100100
0110101111100101
0110101111100110
0110101111101000
0110101111101001
0110110101001100
0110110101001110
0110110101011100
0110110101100010
0110110101110000
0110110101110010
0110110110001100
0110110110011100
0110110110100000
0110110110100010
0110110111001100
0110110111100010
0110110111101100
0111001001001001
0111001001001010
0111001001001101
0111001001001111
0111001001011001
0111001001011010
0111001001011101
0111001001011110
0111001001011111
0111001001101001
0111001001101010
0111001001111001
0111001001111010
0111001010001001
0111001010001010
0111001010001101
0111001010001110
0111001010001111
0111001010010010
0111001010010011
0111001010010110
0111001010011001
0111001010011010
0111001010011101
0111001010011110
0111001010011111
0111001010100010
0111001010100011
0111001010100110
0111001010110010
0111001010110011
0111001010110110
0111001010111001
0111001010111010
0111001011000010
0111001011000011
0111001011000101
0111001011000110
0111001011001001
0111001011001010
0111001011001101
0111001011001110
0111001011001111
0111001011010010
0111001011010011
0111001011010110
0111001011011001
0111001011011010
0111001011011101
0111001011011110
0111001011100010
0111001011100011
0111001011100101
0111001011100110
0111001011101001
0111001011101010
0111001101001000
0111001101001001
0111001101001010
0111001101001100
0111001101001101
0111001101001110
0111001101001111
0111001101011000
0111001101011001
0111001101011010
0111001101011100
0111001101011101
0111001101011110
0111001101011111
0111001101101000
0111001101101001
0111001101101010
0111001101111000
0111001101111001
0111001101111010
0111001110000100
0111001110000101
0111001110000110
0111001110001000
0111001110001001
0111001110001010
0111001110001100
0111001110001101
0111001110001110
0111001110010010
0111001110010011
0111001110010100
0111001110010101
0111001110010110
0111001110011000
0111001110011001
0111001110011010
0111001110011100
0111001110011101
0111001110011110
0111001110100010
0111001110100011
0111001110100100
0111001110100101
0111001110101000
0111001110101001
0111001110101010
0111001110110000
0111001110110010
0111001110110011
0111001110110100
0111001110110101
0111001110110110
0111001110111000
0111001110111001
0111001110111010
0111001111000000
0111001111000010
0111001111000011
0111001111000100
0111001111000110
0111001111001001
0111001111001010
0111001111001100
0111001111001101
0111001111001111
0111001111010000
0111001111010010
0111001111010011
0111001111010100
0111001111010110
0111001111011000
0111001111011001
0111001111011010
0111001111011100
0111001111011101
0111001111011110
0111001111100000
0111001111100010
0111001111100011
0111001111100100
0111001111100101
0111001111100110
0111001111101000
0111001111101001
0111001111101010
0111010001001010
0111010001001100
0111010001001110
0111010001011000
0111010001011010
0111010001011110
0111010001101000
0111010001101010
0111010001111000
0111010001111010
0111010010001000
0111010010001010
0111010010001100
0111010010001110
0111010010010100
0111010010010110
0111010010011000
0111010010011010
0111010010011100
0111010010011110
0111010010100000
0111010010100010
0111010010100100
0111010010100110
0111010010101000
0111010010110010
0111010010110100
0111010010111010
0111010011000010
0111010011000100
0111010011001100
0111010011001110
0111010011010000
0111010011010010
0111010011010100
0111010011010110
0111010011011000
0111010011011010
0111010011011100
0111010011011110
0111010011100000
0111010011100010
0111010011100100
0111010011100110
0111010101001100
0111010101001110
0111010101101000
0111010101111000
0111010110000110
0111010110001000
0111010110001010
0111010110001100
0111010110001110
0111010110010100
0111010110010110
0111010110011000
0111010110011010
0111010110011100
0111010110011110
0111010110100000
0111010110100100
0111010110100110
0111010110110000
0111010110110010
0111010110110100
0111010110111000
0111010111000010
0111010111000100
0111010111000110
0111010111001000
0111010111001010
0111010111001100
0111010111001110
0111010111010000
0111010111010010
0111010111011000
0111010111011100
0111010111100000
0111010111100010
0111010111100100
0111010111100110
0111010111101000
0111011001001100
0111011001001110
0111011001011100
0111011001011110
0111011010001100
0111011010001110
0111011010010000
0111011010010010
0111011010011100
0111011010011110
0111011010100000
0111011010100010
0111011010110000
0111011011000000
0111011011000010
0111011011001100
0111011011001110
0111011011010010
0111011011100010
0111011101001100
0111011101001110
0111011101011100
0111011110001100
0111011110001110
0111011110010000
0111011110010010
0111011110011100
0111011110011110
0111011110110000
0111011110110010
0111011111000000
0111011111001100
0111011111001110
0111011111010000
0111011111010010
0111011111011100
0111011111100010
0111100000110010
0111100001001001
0111100001001101
0111100001001110
0111100001001111
0111100001010010
0111100001010011
0111100001010101
0111100001010110
0111100001011001
0111100001011101
0111100001011110
0111100001011111
0111100001100010
0111100001100011
0111100001100101
0111100001100110
0111100001101010
0111100001110010
0111100001110011
0111100001110101
0111100001110110
0111100001111001
0111100001111010
0111100010001001
0111100010001010
0111100010001101
0111100010001111
0111100010010010
0111100010010011
0111100010011001
0111100010011101
0111100010011110
0111100010011111
0111100010100010
0111100010100011
0111100010100110
0111100010101001
0111100010101010
0111100010110010
0111100010110011
0111100010110101
0111100010110110
0111100010111001
0111100010111010
0111100011000010
0111100011000101
0111100011000110
0111100011001001
0111100011001101
0111100011001110
0111100011001111
0111100011010011
0111100011010101
0111100011010110
0111100011011001
0111100011011010
0111100011011101
0111100011011110
0111100011100010
0111100011100011
0111100011100101
0111100011100110
0111100011101001
0111100011101010
0111100100110000
0111100100110010
0111100101000100
0111100101000101
0111100101000110
0111100101001000
0111100101001001
0111100101001010
0111100101001101
0111100101001110
0111100101001111
0111100101010000
0111100101010010
0111100101010011
0111100101010100
0111100101010110
0111100101011000
0111100101011001
0111100101011010
0111100101011100
0111100101011101
0111100101011110
0111100101011111
0111100101100000
0111100101100010
0111100101100011
0111100101100100
0111100101100101
0111100101100110
0111100101101001
0111100101110000
0111100101110010
0111100101110011
0111100101110100
0111100101110101
0111100101110110
0111100101111000
0111100101111010
0111100110000100
0111100110000101
0111100110000110
0111100110001001
0111100110001100
0111100110001101
0111100110001110
0111100110001111
0111100110010000
0111100110010010
0111100110010011
0111100110010100
0111100110010101
0111100110011001
0111100110011010
0111100110011100
0111100110011101
0111100110011111
0111100110100000
0111100110100010
0111100110100011
0111100110100100
0111100110100101
0111100110101000
0111100110101001
0111100110101010
0111100110110000
0111100110110010
0111100110110011
0111100110110110
0111100110111000
0111100110111001
0111100111000000
0111100111000010
0111100111000011
0111100111000101
0111100111000110
0111100111001000
0111100111001001
0111100111001010
0111100111001100
0111100111001101
0111100111001110
0111100111001111
0111100111010000
0111100111010010
0111100111010100
0111100111010110
0111100111011000
0111100111011001
0111100111011010
0111100111011100
0111100111011101
0111100111100011
0111100111100110
0111100111101000
0111100111101001
0111101000110010
0111101001000101
0111101001000110
0111101001001001
0111101001001010
0111101001010010
0111101001010011
0111101001010110
0111101001011001
0111101001011010
0111101001110010
0111101001110011
0111101010000101
0111101010000110
0111101010001010
0111101010001101
0111101010001110
0111101010001111
0111101010010010
0111101010010011
0111101010010110
0111101010011001
0111101010011010
0111101010011110
0111101010100010
0111101010100011
0111101010110010
0111101010110011
0111101011100010
0111101100110000
0111101100110010
0111101101000100
0111101101000101
0111101101000110
0111101101001000
0111101101001001
0111101101001010
0111101101010000
0111101101010010
0111101101010011
0111101101010100
0111101101011000
0111101101011001
0111101101100000
0111101101100010
0111101101100011
0111101101110000
0111101101110010
0111101101110011
0111101110000100
0111101110000101
0111101110000110
0111101110001000
0111101110001001
0111101110001100
0111101110001101
0111101110010000
0111101110010010
0111101110010011
0111101110010100
0111101110010101
0111101110010110
0111101110011000
0111101110011010
0111101110011100
0111101110011101
0111101110100000
0111101110100010
0111101110100011
0111101110100100
0111101110100101
0111101110100110
0111101110101001
0111101110110000
0111101110110010
0111101110110011
0111101110110100
0111101110111001
0111101111000010
0111101111001000
0111101111001001
0111101111001010
0111101111010000
0111101111010010
0111101111010011
0111101111010100
0111101111011000
0111101111011001
0111101111100000
0111101111100010
0111101111100011
0111110001001100
0111110001001110
0111110001010000
0111110001010010
0111110001011100
0111110001100000
0111110001100010
0111110001110000
0111110001110010
0111110010001100
0111110010010000
0111110010010010
0111110010011100
0111110010100000
0111110010100010
0111110010110010
0111110011001100
0111110011010000
0111110011010010
0111110011011100
0111110011100000
0111110011100010
0111110101001100
0111110101001110
0111110101010000
0111110101011100
0111110101100000
0111110101100010
0111110101110000
0111110101110010
0111110110010000
0111110110010010
0111110110011100
0111110110100000
0111110110100010
0111110110110000
0111110110110010
0111110111000000
0111110111000010
0111110111001100
0111110111010000
0111110111010010
0111110111011100
0111110111100000
0111110111100010
