1000001100100110
1000001100100111
1000001100101010
1000001100101011
1000001100101101
1000001100101111
1000001100110000
1000001100110010
1000001100110110
1000001100111010
1000001101010100
1000001101010111
1000001101011000
1000001101011001
1000001101011010
1000001101011011
1000001101011101
1000001101011110
1000001101011111
1000001101100000
1000001101100010
1000001101100011
1000001101100100
1000001101100110
1000001101100111
1000001101101000
1000001101101001
1000001101101010
1000001101101011
1000001101101101
1000001101101110
1000001101101111
1000001101110000
1000001101110010
1000001101110011
1000001101110101
1000001101110110
1000001101110111
1000001101111000
1000001101111001
1000001101111010
1000001101111011
1000001101111101
1000001101111110
1000001110000111
1000001110001010
1000001110001111
1000001110010101
1000001110010110
1000001110010111
1000001110011010
1000001110011100
1000001110011110
1000001110011111
1000001110100000
1000001110100010
1000001110100011
1000001110100100
1000001110100101
1000001110100110
1000001110100111
1000001110101000
1000001110101001
1000001110101011
1000001110101100
1000001110101101
1000001110101110
1000001110101111
1000001110110010
1000001110110111
1000001110111010
1000001111000111
1000001111001000
1000001111001001
1000001111001010
1000001111001011
1000001111001100
1000001111001101
1000001111001110
1000001111001111
1000001111010111
1000001111011010
1000001111011100
1000001111011110
1000001111100111
1000001111101000
1000001111101001
1000001111101010
1000001111101011
1000001111101100
1000001111101101
1000001111101110
1000010100111100
1000010100111101
1000010100111110
1000010101000110
1000010101001100
1000010101001101
1000010101001110
1000010101011100
1000010101011101
1000010101011110
1000010101100010
1000010101100100
1000010101100101
1000010101100110
1000010101101001
1000010101101101
1000010101101110
1000010101110000
1000010101110010
1000010101110100
1000010101110101
1000010101111000
1000010101111001
1000010101111010
1000010101111100
1000010101111101
1000010101111110
1000010110001100
1000010110001101
1000010110001110
1000010110011100
1000010110011101
1000010110011110
1000010110100100
1000010110100101
1000010110100110
1000010110101000
1000010110101001
1000010110101100
1000010110101101
1000010110101110
1000010110110100
1000010110110101
1000010110110110
1000010110111001
1000010110111010
1000010110111100
1000010110111101
1000010110111110
1000010111000100
1000010111000101
1000010111000110
1000010111001000
1000010111001001
1000010111001010
1000010111001100
1000010111001101
1000010111001110
1000010111010100
1000010111010101
1000010111010110
1000010111011000
1000010111011001
1000010111011010
1000010111011100
1000010111011101
1000010111011110
1000010111100010
1000010111100100
1000010111100101
1000010111100110
1000010111101000
1000010111101001
1000010111101010
1000010111101100
1000010111101101
1000010111101110
1000011000100101
1000011000101001
1000011000101101
1000011000101111
1000011000110000
1000011000110010
1000011000110011
1000011000110100
1000011000110101
1000011000110110
1000011000111000
1000011000111001
1000011000111010
1000011000111100
1000011000111101
1000011000111110
1000011000111111
1000011001000101
1000011001000111
1000011001001001
1000011001001011
1000011001001101
1000011001001111
1000011001010100
1000011001010101
1000011001010110
1000011001010111
1000011001011010
1000011001011011
1000011001011100
1000011001011101
1000011001011110
1000011001011111
1000011001100011
1000011001100101
1000011001101011
1000011001101101
1000011001101111
1000011001110000
1000011001110010
1000011001110011
1000011001110100
1000011001110101
1000011001110110
1000011001111001
1000011001111010
1000011001111011
1000011001111100
1000011001111101
1000011001111110
1000011010000101
1000011010000111
1000011010001001
1000011010001011
1000011010001101
1000011010001111
1000011010010100
1000011010010110
1000011010010111
1000011010011000
1000011010011001
1000011010011010
1000011010011011
1000011010011100
1000011010011101
1000011010011110
1000011010011111
1000011010100011
1000011010100101
1000011010100111
1000011010101001
1000011010101011
1000011010101101
1000011010101111
1000011010110000
1000011010110010
1000011010110100
1000011010110101
1000011010110110
1000011010110111
1000011010111000
1000011010111010
1000011010111011
1000011010111100
1000011010111101
1000011010111110
1000011011000101
1000011011000111
1000011011001001
1000011011001011
1000011011001101
1000011011001111
1000011011010100
1000011011010101
1000011011010110
1000011011010111
1000011011011001
1000011011011010
1000011011011011
1000011011011100
1000011011011101
1000011011011110
1000011011100011
1000011011100101
1000011011100111
1000011011101001
1000011011101011
1000011011101101
1000011100100110
1000011100101001
1000011100101010
1000011100110000
1000011100110010
1000011100110110
1000011100111010
1000011100111101
1000011101000100
1000011101000101
1000011101000110
1000011101001000
1000011101001001
1000011101001010
1000011101001100
1000011101001101
1000011101001110
1000011101010100
1000011101010110
1000011101011000
1000011101011001
1000011101011100
1000011101011101
1000011101011110
1000011101100000
1000011101100010
1000011101100100
1000011101100110
1000011101101010
1000011101101101
1000011101101110
1000011101110000
1000011101110010
1000011101110100
1000011101110101
1000011101110110
1000011101111010
1000011101111100
1000011101111101
1000011101111110
1000011110000110
1000011110001001
1000011110001010
1000011110001101
1000011110010100
1000011110010101
1000011110011000
1000011110011001
1000011110011010
1000011110011100
1000011110011101
1000011110011110
1000011110100000
1000011110100010
1000011110100100
1000011110100110
1000011110101000
1000011110101001
1000011110101010
1000011110101100
1000011110101101
1000011110101110
1000011110110000
1000011110110010
1000011110110110
1000011110111001
1000011110111101
1000011111000100
1000011111000101
1000011111000110
1000011111001000
1000011111001001
1000011111001010
1000011111001100
1000011111001101
1000011111001110
1000011111010100
1000011111010110
1000011111011010
1000011111011100
1000011111011101
1000011111011110
1000011111100010
1000011111100100
1000011111100101
1000011111100110
1000011111101000
1000011111101001
1000011111101010
1000011111101100
1000011111101101
1000011111101110
1000100100100110
1000100100100111
1000100100101011
1000100100101100
1000100100101101
1000100100101110
1000100100110000
1000100100110010
1000100100110101
1000100100110110
1000100100110111
1000100100111010
1000100100111111
1000100101000110
1000100101000111
1000100101001100
1000100101001110
1000100101001111
1000100101010111
1000100101011000
1000100101011001
1000100101011101
1000100101011110
1000100101011111
1000100101100000
1000100101100010
1000100101100011
1000100101100100
1000100101100101
1000100101100110
1000100101100111
1000100101101000
1000100101101001
1000100101101101
1000100101101110
1000100101101111
1000100101110000
1000100101110010
1000100101110011
1000100101110100
1000100101110101
1000100101110110
1000100101110111
1000100101111000
1000100101111001
1000100101111011
1000100101111100
1000100101111101
1000100101111110
1000100110000101
1000100110000110
1000100110000111
1000100110001010
1000100110001100
1000100110001110
1000100110001111
1000100110010101
1000100110010110
1000100110011010
1000100110011100
1000100110011110
1000100110011111
1000100110100000
1000100110100010
1000100110100011
1000100110100100
1000100110100101
1000100110100110
1000100110101001
1000100110101100
1000100110101101
1000100110101110
1000100110101111
1000100110110000
1000100110110010
1000100110110101
1000100110110111
1000100110111010
1000100110111110
1000100111000100
1000100111000110
1000100111000111
1000100111001000
1000100111001001
1000100111001010
1000100111001011
1000100111001100
1000100111001101
1000100111001110
1000100111001111
1000100111010110
1000100111010111
1000100111011010
1000100111011100
1000100111011110
1000100111100000
1000100111100010
1000100111100100
1000100111100101
1000100111100110
1000100111100111
1000100111101000
1000100111101001
1000100111101010
1000100111101011
1000100111101100
1000100111101101
1000100111101110
1000101000100111
1000101000101101
1000101000101111
1000101000110010
1000101000110011
1000101000110101
1000101000110110
1000101000110111
1000101000111001
1000101000111011
1000101000111101
1000101000111110
1000101001000111
1000101001001011
1000101001001111
1000101001010111
1000101001011001
1000101001011011
1000101001011110
1000101001011111
1000101001110010
1000101001110011
1000101001110110
1000101001110111
1000101001111001
1000101001111010
1000101010000111
1000101010001101
1000101010001111
1000101010010111
1000101010011011
1000101010011110
1000101010110011
1000101010111001
1000101011000101
1000101011000111
1000101011001001
1000101011001011
1000101011001101
1000101011001111
1000101011010111
1000101011011001
1000101011011011
1000101011011101
1000101011011110
1000101011100011
1000101011100101
1000101011100111
1000101011101001
1000101100100110
1000101100100111
1000101100101001
1000101100101011
1000101100101101
1000101100101111
1000101100110000
1000101100110010
1000101101000110
1000101101000111
1000101101001100
1000101101001110
1000101101010111
1000101101011000
1000101101011001
1000101101011011
1000101101011100
1000101101011101
1000101101011111
1000101101100000
1000101101100010
1000101101100011
1000101101100100
1000101101100101
1000101101100110
1000101101100111
1000101101101000
1000101101101001
1000101101101011
1000101110000110
1000101110000111
1000101110010101
1000101110010110
1000101110010111
1000101110011100
1000101110100000
1000101110100011
1000101110100100
1000101110100101
1000101110100110
1000101110100111
1000101110101100
1000101110101101
1000101110110000
1000101110110010
1000101110110110
1000101111000100
1000101111000101
1000101111000110
1000101111001001
1000101111001010
1000101111001011
1000101111001100
1000101111001101
1000101111010101
1000101111010111
1000101111011010
1000101111011100
1000101111100000
1000101111100010
1000101111100011
1000101111100100
1000101111100110
1000101111100111
1000101111101000
1000101111101001
1000101111101011
1000110000100101
1000110000101001
1000110000101101
1000110000101111
1000110000110000
1000110000110010
1000110000110011
1000110000110100
1000110000110101
1000110000110110
1000110000111000
1000110000111001
1000110000111010
1000110000111100
1000110000111101
1000110000111110
1000110000111111
1000110001000101
1000110001000111
1000110001001001
1000110001001011
1000110001001101
1000110001001111
1000110001010100
1000110001010101
1000110001010110
1000110001010111
1000110001011000
1000110001011001
1000110001011010
1000110001011011
1000110001011100
1000110001011101
1000110001011110
1000110001100011
1000110001100101
1000110001100111
1000110001101001
1000110001101011
1000110001101101
1000110001110000
1000110001110010
1000110001110011
1000110001110100
1000110001110101
1000110001110110
1000110001110111
1000110001111000
1000110001111001
1000110001111010
1000110001111011
1000110001111100
1000110010000101
1000110010000111
1000110010001001
1000110010001011
1000110010001101
1000110010010100
1000110010010110
1000110010010111
1000110010011000
1000110010011001
1000110010011010
1000110010011100
1000110010011101
1000110010100011
1000110010100101
1000110010100111
1000110010101001
1000110010101011
1000110010101101
1000110010110010
1000110010110011
1000110010110100
1000110010110101
1000110010110111
1000110010111010
1000110010111011
1000110010111100
1000110010111101
1000110011000101
1000110011001011
1000110011001101
1000110011010100
1000110011010101
1000110011010110
1000110011011001
1000110011011010
1000110011011011
1000110011011100
1000110011011101
1000110011100011
1000110011100101
1000110011100111
1000110011101001
1000110011101011
1000110011101101
1000110100100110
1000110100101001
1000110100101101
1000110100110000
1000110100110010
1000110100110110
1000110100111010
1000110101000101
1000110101000110
1000110101001100
1000110101001110
1000110101011000
1000110101011001
1000110101011100
1000110101011101
1000110101011110
1000110101100000
1000110101100010
1000110101100100
1000110101100101
1000110101100110
1000110101101000
1000110101101001
1000110101101101
1000110101110000
1000110101110010
1000110101110100
1000110101110101
1000110101110110
1000110101111000
1000110101111001
1000110101111010
1000110101111100
1000110101111101
1000110110000110
1000110110001010
1000110110010101
1000110110010110
1000110110011010
1000110110100000
1000110110100010
1000110110100100
1000110110100101
1000110110100110
1000110110101000
1000110110101001
1000110110101100
1000110110101101
1000110110110000
1000110110110010
1000110110110110
1000110111000100
1000110111000101
1000110111000110
1000110111001010
1000110111001100
1000110111001101
1000110111010101
1000110111010110
1000110111011010
1000110111011100
1000110111100000
1000110111100010
1000110111100100
1000110111100101
1000110111100110
1000110111101001
1000110111101010
1000110111101100
1000110111101101
1000111000101101
1000111000110000
1000111000110010
1000111001000101
1000111001001001
1000111001001101
1000111001001111
1000111001010100
1000111001010110
1000111001011000
1000111001011001
1000111001011010
1000111001011100
1000111001011101
1000111001011110
1000111001011111
1000111001100011
1000111001100101
1000111001101001
1000111001110000
1000111001110010
1000111001110011
1000111001110100
1000111001110101
1000111001110110
1000111001111000
1000111001111001
1000111001111010
1000111010000101
1000111010001001
1000111010001101
1000111010010100
1000111010010110
1000111010011000
1000111010011001
1000111010011010
1000111010011100
1000111010100011
1000111010101101
1000111010110000
1000111010110010
1000111010110011
1000111010110100
1000111010110101
1000111010110110
1000111010111000
1000111010111001
1000111010111101
1000111011000101
1000111011001001
1000111011001101
1000111011010100
1000111011010101
1000111011010110
1000111011011010
1000111011011100
1000111011011101
1000111011100011
1000111011100101
1000111100101100
1000111100101101
1000111100101110
1000111100110000
1000111100110010
1000111100111100
1000111100111101
1000111100111110
1000111101000100
1000111101000101
1000111101000110
1000111101001000
1000111101001001
1000111101001010
1000111101001100
1000111101001101
1000111101001110
1000111101010100
1000111101010110
1000111101011000
1000111101011001
1000111101011010
1000111101011100
1000111101011101
1000111101011110
1000111101100000
1000111101100010
1000111101100100
1000111101100101
1000111101100110
1000111101101000
1000111101101001
1000111101101010
1000111101110010
1000111101110100
1000111101110101
1000111101110110
1000111110000100
1000111110000101
1000111110000110
1000111110001000
1000111110001001
1000111110001010
1000111110001100
1000111110001101
1000111110010100
1000111110010110
1000111110011000
1000111110011001
1000111110011010
1000111110011100
1000111110011101
1000111110100000
1000111110100010
1000111110100100
1000111110100110
1000111110101000
1000111110101100
1000111110110000
1000111110110010
1000111110110100
1000111110110101
1000111110110110
1000111111000100
1000111111000101
1000111111000110
1000111111001000
1000111111001001
1000111111001010
1000111111001100
1000111111001101
1000111111010100
1000111111010110
1001001000101011
1001001000110010
1001001000110011
1001001000110101
1001001000110110
1001001000110111
1001001000111010
1001001000111011
1001001001001011
1001001001001101
1001001001001111
1001001001010011
1001001001010111
1001001001011001
1001001001011011
1001001001011101
1001001001011110
1001001001011111
1001001001100010
1001001001100011
1001001001100110
1001001001100111
1001001001101001
1001001001101011
1001001001110010
1001001001110011
1001001001110110
1001001001110111
1001001001111001
1001001001111010
1001001001111011
1001001010001011
1001001010001101
1001001010001110
1001001010001111
1001001010010011
1001001010010111
1001001010011001
1001001010011011
1001001010011110
1001001010100011
1001001010110011
1001001010110111
1001001010111001
1001001010111011
1001001011000111
1001001011001001
1001001011001011
1001001011001101
1001001011001110
1001001011001111
1001001011010111
1001001011011001
1001001011011011
1001001011011101
1001001011011110
1001001011100111
1001001011101001
1001001011101011
1001001100100110
1001001100100111
1001001100101011
1001001100110000
1001001100110010
1001001100110110
1001001100110111
1001001101000101
1001001101000110
1001001101000111
1001001101001100
1001001101001110
1001001101001111
1001001101010000
1001001101010011
1001001101011000
1001001101011001
1001001101011011
1001001101011100
1001001101011101
1001001101011110
1001001101011111
1001001101100000
1001001101100010
1001001101100011
1001001101100100
1001001101100101
1001001101100111
1001001101101000
1001001101101001
1001001101101011
1001001101110010
1001001101110011
1001001101110100
1001001101110110
1001001101110111
1001001101111000
1001001101111001
1001001101111010
1001001101111011
1001001110000110
1001001110000111
1001001110001010
1001001110001111
1001001110010000
1001001110010010
1001001110010110
1001001110010111
1001001110011010
1001001110011100
1001001110011110
1001001110011111
1001001110100000
1001001110100011
1001001110100100
1001001110101011
1001001110110000
1001001110110010
1001001110110110
1001001110110111
1001001110111010
1001001111000111
1001001111001000
1001001111001010
1001001111001011
1001001111001100
1001001111001101
1001001111001110
1001001111001111
1001001111010111
1001001111011010
1001001111011100
1001001111011110
1001001111100111
1001001111101000
1001001111101011
1001010000110000
1001010000110010
1001010000110101
1001010000110110
1001010000110111
1001010001001100
1001010001001110
1001010001001111
1001010001010011
1001010001010111
1001010001011100
1001010001011101
1001010001011110
1001010001011111
1001010001100000
1001010001100010
1001010001100110
1001010001101000
1001010001101001
1001010001101011
1001010001110000
1001010001110010
1001010001110011
1001010001110100
1001010001110111
1001010001111000
1001010001111001
1001010001111010
1001010001111011
1001010010001100
1001010010001110
1001010010001111
1001010010010111
1001010010011100
1001010010011110
1001010010110000
1001010010110111
1001010011001000
1001010011001001
1001010011001011
1001010011001100
1001010011001101
1001010011001110
1001010011001111
1001010011010111
1001010011011100
1001010011011110
1001010011100111
1001010011101000
1001010011101011
1001010100110000
1001010100111000
1001010101110000
1001010101111000
1001010101111001
1001010110000100
1001010110000101
1001010110001001
1001010110001100
1001010110001101
1001010110001110
1001010110011000
1001010110011001
1001010110011100
1001010110011101
1001010110011110
1001010110110000
1001010110111000
1001010110111001
1001010111000000
1001010111000100
1001010111000101
1001010111000110
1001010111001001
1001010111001100
1001010111001101
1001010111001110
1001010111010000
1001010111011000
1001010111011001
1001010111011100
1001010111011101
1001010111011110
1001010111100010
1001010111100100
1001010111100101
1001010111100110
1001010111101000
1001010111101001
1001011000100100
1001011000100101
1001011000100110
1001011000101001
1001011000110010
1001011000110011
1001011000110100
1001011000110101
1001011000110110
1001011000111000
1001011000111001
1001011000111010
1001011001000100
1001011001000101
1001011001000110
1001011001000111
1001011001001000
1001011001001001
1001011001001100
1001011001001101
1001011001001110
1001011001010111
1001011001011000
1001011001011011
1001011001011100
1001011001011101
1001011001011110
1001011001011111
1001011001100000
1001011001100010
1001011001100011
1001011001100100
1001011001100101
1001011001100110
1001011001100111
1001011001101011
1001011001110000
1001011001110010
1001011001110011
1001011001110100
1001011001110101
1001011001110110
1001011010000100
1001011010000101
1001011010000110
1001011010001000
1001011010001001
1001011010001011
1001011010001100
1001011010001101
1001011010001110
1001011010001111
1001011010010000
1001011010010011
1001011010010111
1001011010011000
1001011010011001
1001011010011100
1001011010011101
1001011010011110
1001011010011111
1001011010100000
1001011010100011
1001011010100111
1001011010110000
1001011010110011
1001011010110111
1001011010111000
1001011010111001
1001011010111011
1001011011000000
1001011011000010
1001011011000100
1001011011000101
1001011011000110
1001011011001000
1001011011001011
1001011011001100
1001011011001101
1001011011001110
1001011011001111
1001011011010000
1001011011010011
1001011011010111
1001011011011000
1001011011011001
1001011011011011
1001011011011101
1001011011011110
1001011011100010
1001011011100100
1001011011100101
1001011011100110
1001011011100111
1001011100100110
1001011100101001
1001011100110000
1001011100110010
1001011100110110
1001011100111010
1001011101000100
1001011101000101
1001011101000110
1001011101001000
1001011101001001
1001011101001101
1001011101001110
1001011101010000
1001011101011000
1001011101011001
1001011101011100
1001011101011101
1001011101011110
1001011101100000
1001011101100010
1001011101100100
1001011101100101
1001011101100110
1001011101110000
1001011101110010
1001011101110100
1001011101110101
1001011101110110
1001011110000110
1001011110001010
1001011110010000
1001011110010010
1001011110010100
1001011110010101
1001011110010110
1001011110011100
1001011110011101
1001011110011110
1001011110100000
1001011110100010
1001011110100100
1001011110100101
1001011110101000
1001011110101001
1001011110110000
1001011110110010
1001011110110110
1001011110111001
1001011110111010
1001011111000000
1001011111000010
1001011111000101
1001011111000110
1001011111001000
1001011111001001
1001011111001100
1001011111001101
1001011111001110
1001011111010000
1001011111010010
1001011111010100
1001011111010110
1001011111011000
1001011111011001
1001011111011010
1001011111011100
1001011111011101
1001011111100100
1001011111100101
1001011111100110
1001011111101010
1001100000101001
1001100000101010
1001100000110010
1001100000110110
1001100000110111
1001100000111010
1001100001001110
1001100001001111
1001100001010010
1001100001011001
1001100001011010
1001100001011011
1001100001011101
1001100001011110
1001100001011111
1001100001100010
1001100001100011
1001100001100101
1001100001100110
1001100001100111
1001100001101001
1001100001101010
1001100001110010
1001100001110011
1001100001110101
1001100001110111
1001100001111011
1001100010001111
1001100010010010
1001100010010101
1001100010010110
1001100010010111
1001100010011010
1001100010011110
1001100010011111
1001100010100010
1001100010100011
1001100010100101
1001100010100110
1001100010101001
1001100010101011
1001100010110010
1001100010111010
1001100011000010
1001100011000011
1001100011000110
1001100011000111
1001100011001010
1001100011001101
1001100011001110
1001100011010101
1001100011010110
1001100011010111
1001100011011010
1001100011011110
1001100011100010
1001100011100101
1001100011100110
1001100011100111
1001100011101001
1001100011101011
1001100100100110
1001100100100111
1001100100101000
1001100100101001
1001100100101011
1001100100110000
1001100100110010
1001100100110101
1001100100110110
1001100100110111
1001100100111010
1001100101000101
1001100101000110
1001100101000111
1001100101001100
1001100101001111
1001100101010000
1001100101010011
1001100101010111
1001100101011000
1001100101011100
1001100101011110
1001100101011111
1001100101100000
1001100101100010
1001100101100011
1001100101100100
1001100101110000
1001100101110010
1001100101110101
1001100101110110
1001100101110111
1001100101111000
1001100101111001
1001100101111010
1001100110000101
1001100110000110
1001100110000111
1001100110001100
1001100110001110
1001100110010010
1001100110010101
1001100110010110
1001100110010111
1001100110100000
1001100110100010
1001100110100011
1001100110100100
1001100110100101
1001100110100110
1001100110110000
1001100110110010
1001100110110101
1001100110110110
1001100111000000
1001100111000111
1001100111001000
1001100111010000
1001100111010010
1001100111010110
1001100111010111
1001100111100000
1001100111100010
1001100111100011
1001100111100101
1001100111100110
1001100111100111
1001100111101000
1001101000100101
1001101000100110
1001101000100111
1001101000101001
1001101000101011
1001101000110010
1001101000110011
1001101000110101
1001101000110110
1001101000111010
1001101000111011
1001101001000101
1001101001000110
1001101001000111
1001101001001001
1001101001010011
1001101001010111
1001101001011011
1001101001110010
1001101001110011
1001101010000101
1001101010000110
1001101010000111
1001101010001001
1001101010001101
1001101010001110
1001101010001111
1001101010010011
1001101010010111
1001101010100011
1001101010110011
1001101010110111
1001101011000010
1001101011000011
1001101011000101
1001101011010011
1001101011010111
1001101011100010
1001101011100011
1001101100100110
1001101100100111
1001101100101001
1001101100101011
1001101100110000
1001101100110010
1001101100110110
1001101100110111
1001101100111010
1001101101000101
1001101101000110
1001101101000111
1001101101010000
1001101101010011
1001101101010111
1001101101011000
1001101101011011
1001101101100000
1001101101110010
1001101101110011
1001101110000110
1001101110000111
1001101110001010
1001101110010000
1001101110010010
1001101110010101
1001101110010110
1001101110010111
1001101110100000
1001101110100010
1001101110100011
1001101110100100
1001101110100101
1001101110100110
1001101110100111
1001101110101000
1001101110110000
1001101110110010
1001101110110110
1001101110110111
1001101111000000
1001101111000010
1001101111000011
1001101111000100
1001101111010010
1001101111010110
1001101111100000
1001101111100010
1001101111100011
1001110000100100
1001110000100101
1001110000100110
1001110000110000
1001110000110110
1001110000111000
1001110001000100
1001110001000101
1001110001000110
1001110001000111
1001110001001000
1001110001001001
1001110001001010
1001110001001011
1001110001001100
1001110001001101
1001110001001110
1001110001001111
1001110001010000
1001110001010010
1001110001010011
1001110001010100
1001110001010110
1001110001010111
1001110001011000
1001110001011001
1001110001011010
1001110001011011
1001110001011100
1001110001011101
1001110001011110
1001110001011111
1001110001100000
1001110001100010
1001110001100011
1001110001100100
1001110001100101
1001110001100110
1001110001100111
1001110001101000
1001110001101001
1001110001101011
1001110001110000
1001110001110010
1001110001110011
1001110001110100
1001110001110101
1001110001110110
1001110001110111
1001110001111000
1001110001111001
1001110001111010
1001110001111011
1001110010000100
1001110010000101
1001110010000110
1001110010000111
1001110010001000
1001110010001001
1001110010001010
1001110010001011
1001110010001100
1001110010010000
1001110010010010
1001110010010011
1001110010010100
1001110010010110
1001110010010111
1001110010011000
1001110010100000
1001110010100010
1001110010100011
1001110010100100
1001110010100111
1001110010101000
1001110010110000
1001110010110010
1001110010110011
1001110010110100
1001110010110101
1001110010110110
1001110010110111
1001110010111000
1001110011000000
1001110011000010
1001110011000011
1001110011000100
1001110011000101
1001110011000110
1001110011000111
1001110011010000
1001110011010010
1001110011010011
1001110011010100
1001110011010110
1001110011010111
1001110011100000
1001110011100010
1001110011100011
1001110011100100
1001110011100101
1001110011100110
1001110011101000
1001110100100110
1001110100110000
1001110100110010
1001110100110110
1001110100111010
1001110101000110
1001110101001100
1001110101001110
1001110101010000
1001110101011000
1001110101011001
1001110101011100
1001110101011101
1001110101011110
1001110101100000
1001110101100010
1001110101100100
1001110101100101
1001110101100110
1001110101101000
1001110101101001
1001110101110000
1001110101110010
1001110110000110
1001110110001010
1001110110010000
1001110110010010
1001110110010101
1001110110010110
1001110110100000
1001110110100010
1001110110100100
1001110110100101
1001110110100110
1001110110101000
1001110110110000
1001110110110010
1001110110110110
1001110111000000
1001110111000010
1001110111000100
1001110111000101
1001110111000110
1001110111001000
1001110111010110
1001110111100000
1001110111100010
1001110111100100
1001110111100101
1001110111100110
1001111000110000
1001111000110010
1001111001000100
1001111001000101
1001111001000110
1001111001001000
1001111001001001
1001111001001010
1001111001010000
1001111001010010
1001111001010011
1001111001010100
1001111001010110
1001111001011000
1001111001011001
1001111001011010
1001111001100000
1001111001100010
1001111001100011
1001111001110010
1001111001110011
1001111010000100
1001111010000101
1001111010000110
1001111010001000
1001111010001001
1001111010001010
1001111010001100
1001111010001101
1001111010010000
1001111010010010
1001111010010011
1001111010010100
1001111010010110
1001111010011000
1001111010100000
1001111010100010
1001111010100011
1001111010100100
1001111010100110
1001111010101000
1001111010110000
1001111010110010
1001111010110011
1001111010110100
1001111010110101
1001111010110110
1001111010111000
1001111011000000
1001111011000010
1001111011000011
1001111011000100
1001111011000101
1001111011000110
1001111011001000
1001111011010000
