1000001000100011
1000001000101011
1000001000101101
1000001000110010
1000001000110011
1000001000110100
1000001000110110
1000001000111001
1000001000111100
1000001000111101
1000001000111110
1000001000111111
1000001001000011
1000001001000111
1000001001001011
1000001001001101
1000001001001111
1000001001010011
1000001001010110
1000001001010111
1000001001011000
1000001001011001
1000001001011100
1000001001011101
1000001001011110
1000001001011111
1000001001100011
1000001001100101
1000001001100111
1000001001101001
1000001001101011
1000001001101101
1000001001101111
1000001001110010
1000001001110100
1000001001110101
1000001001110110
1000001001110111
1000001001111000
1000001001111001
1000001001111100
1000001001111101
1000001001111110
1000001010000011
1000001010000111
1000001010001011
1000001010001101
1000001010001111
1000001010010011
1000001010010110
1000001010010111
1000001010011000
1000001010011001
1000001010011100
1000001010011101
1000001010011110
1000001010011111
1000001010100011
1000001010100111
1000001010101101
1000001010101111
1000001010110010
1000001010110011
1000001010110100
1000001010110101
1000001010110110
1000001010110111
1000001010111000
1000001010111001
1000001010111100
1000001010111101
1000001010111110
1000001010111111
1000001011000011
1000001011000101
1000001011000111
1000001011001001
1000001011001011
1000001011001101
1000001011001111
1000001011010011
1000001011010100
1000001011010101
1000001011010110
1000001011010111
1000001011011000
1000001011011001
1000001011011100
1000001011011101
1000001011011110
1000001011011111
1000001011100011
1000001011100101
1000001011100111
1000001011101001
1000001011101101
1000001011101111
1000001100001101
1000001100101101
1000001100110000
1000001101010100
1000001101100000
1000001101100100
1000001101101100
1000001101101101
1000001101110000
1000001101110101
1000001110010000
1000001110010101
1000001110011100
1000001110100000
1000001110100100
1000001110100101
1000001110101000
1000001110101001
1000001110101100
1000001110101101
1000001111000100
1000001111000101
1000001111001000
1000001111001001
1000001111001101
1000001111010000
1000001111010101
1000001111011100
1000001111100100
1000001111100101
1000001111101000
1000001111101001
1000001111101100
1000001111101101
1000010000100011
1000010000100111
1000010000101011
1000010000101101
1000010000101111
1000010000110010
1000010000110101
1000010000110110
1000010000110111
1000010000111100
1000010000111110
1000010001001111
1000010001010011
1000010001010110
1000010001011001
1000010001011100
1000010001011101
1000010001011110
1000010001011111
1000010001100011
1000010001100101
1000010001100111
1000010001101001
1000010001101011
1000010001101101
1000010001101111
1000010001110010
1000010001110011
1000010001110100
1000010001110110
1000010001110111
1000010001111000
1000010001111001
1000010001111100
1000010001111101
1000010001111110
1000010010000111
1000010010001111
1000010010010110
1000010010010111
1000010010011100
1000010010011110
1000010010011111
1000010010100011
1000010010100111
1000010010101011
1000010010101101
1000010010101111
1000010010110010
1000010010110101
1000010010110110
1000010010110111
1000010010111100
1000010010111110
1000010010111111
1000010011000011
1000010011000101
1000010011000111
1000010011001001
1000010011001011
1000010011001101
1000010011001111
1000010011010010
1000010011010101
1000010011010111
1000010011011100
1000010011011110
1000010011011111
1000010011100011
1000010011100101
1000010011100111
1000010011101001
1000010011101011
1000010011101101
1000010100111100
1000010100111101
1000010101001100
1000010101001101
1000010101011100
1000010101011101
1000010101100100
1000010101101001
1000010101101100
1000010101101101
1000010101110000
1000010101110100
1000010101110101
1000010101111100
1000010101111101
1000010110000100
1000010110001000
1000010110001001
1000010110001100
1000010110001101
1000010110010000
1000010110010101
1000010110011001
1000010110011100
1000010110011101
1000010110100000
1000010110100100
1000010110100101
1000010110101000
1000010110101001
1000010110101100
1000010110101101
1000010110110100
1000010110110101
1000010110111000
1000010110111001
1000010110111100
1000010110111101
1000010111000000
1000010111000100
1000010111000101
1000010111001000
1000010111001001
1000010111001100
1000010111001101
1000010111010100
1000010111010101
1000010111011000
1000010111011001
1000010111011100
1000010111011101
1000010111100100
1000010111100101
1000010111101000
1000010111101001
1000010111101100
1000011000000011
1000011000000101
1000011000000111
1000011000001001
1000011000001011
1000011000001101
1000011000001111
1000011000100011
1000011000100101
1000011000100111
1000011000101001
1000011000101011
1000011000101101
1000011000101111
1000011000110010
1000011000110011
1000011000110100
1000011000110101
1000011000110110
1000011000110111
1000011000111000
1000011000111001
1000011000111100
1000011000111101
1000011000111110
1000011000111111
1000011001000011
1000011001000101
1000011001000111
1000011001001001
1000011001001011
1000011001001101
1000011001001111
1000011001010010
1000011001010011
1000011001010100
1000011001010101
1000011001010110
1000011001010111
1000011001011100
1000011001011101
1000011001011110
1000011001011111
1000011001100011
1000011001100101
1000011001101011
1000011001101101
1000011001101111
1000011001110010
1000011001110011
1000011001110100
1000011001110110
1000011001111001
1000011001111100
1000011001111101
1000011001111110
1000011010000011
1000011010000101
1000011010000111
1000011010001001
1000011010001011
1000011010001101
1000011010001111
1000011010010010
1000011010010011
1000011010010100
1000011010010110
1000011010010111
1000011010011000
1000011010011001
1000011010011100
1000011010011101
1000011010011110
1000011010011111
1000011010100011
1000011010100101
1000011010100111
1000011010101001
1000011010101011
1000011010101101
1000011010101111
1000011010110010
1000011010110100
1000011010110101
1000011010110110
1000011010110111
1000011010111000
1000011010111001
1000011010111100
1000011010111101
1000011010111110
1000011010111111
1000011011000011
1000011011000101
1000011011000111
1000011011001001
1000011011001011
1000011011001101
1000011011001111
1000011011010010
1000011011010011
1000011011010100
1000011011010101
1000011011010110
1000011011010111
1000011011011000
1000011011011001
1000011011011100
1000011011011101
1000011011011110
1000011011011111
1000011011100011
1000011011100101
1000011011100111
1000011011101001
1000011011101011
1000011011101101
1000011011101111
1000011100001101
1000011100110000
1000011101000100
1000011101000101
1000011101001100
1000011101001101
1000011101010000
1000011101010100
1000011101100000
1000011101100100
1000011101101100
1000011101101101
1000011101110000
1000011101110100
1000011101110101
1000011110001001
1000011110001101
1000011110010000
1000011110010100
1000011110010101
1000011110011100
1000011110011101
1000011110100000
1000011110100100
1000011110101000
1000011110101001
1000011110101100
1000011110101101
1000011110110000
1000011110111101
1000011111000100
1000011111000101
1000011111001000
1000011111001001
1000011111001100
1000011111001101
1000011111010000
1000011111010100
1000011111011100
1000011111011101
1000011111100100
1000011111100101
1000011111101000
1000011111101001
1000011111101100
1000011111101101
1000100000100111
1000100000101011
1000100000101101
1000100000101111
1000100000110010
1000100000110110
1000100000110111
1000100000111111
1000100001000111
1000100001001111
1000100001010011
1000100001010110
1000100001010111
1000100001011000
1000100001011001
1000100001011100
1000100001011101
1000100001011110
1000100001011111
1000100001100011
1000100001100101
1000100001100111
1000100001101001
1000100001101011
1000100001101101
1000100001101111
1000100001110010
1000100001110011
1000100001110100
1000100001110101
1000100001110110
1000100001110111
1000100001111100
1000100001111101
1000100001111110
1000100010001111
1000100010010110
1000100010011100
1000100010011110
1000100010011111
1000100010100011
1000100010100111
1000100010101101
1000100010110010
1000100010110110
1000100010111111
1000100011000011
1000100011000101
1000100011000111
1000100011001001
1000100011001011
1000100011001101
1000100011001111
1000100011010010
1000100011010101
1000100011010110
1000100011010111
1000100011011100
1000100011011110
1000100011011111
1000100011100011
1000100011100101
1000100011100111
1000100011101001
1000100011101011
1000100011101101
1000100011101111
1000100100001101
1000100100101100
1000100100101101
1000100100110000
1000100100110101
1000100100111100
1000100101001100
1000100101011101
1000100101100000
1000100101100100
1000100101100101
1000100101101000
1000100101101001
1000100101101100
1000100101101101
1000100101110000
1000100101110100
1000100101110101
1000100101111100
1000100101111101
1000100110000101
1000100110001100
1000100110010000
1000100110010101
1000100110011100
1000100110100000
1000100110100100
1000100110101001
1000100110101100
1000100110101101
1000100110110000
1000100110110101
1000100110111100
1000100111000000
1000100111000100
1000100111001000
1000100111001001
1000100111001100
1000100111001101
1000100111011100
1000100111100000
1000100111100100
1000100111100101
1000100111101000
1000100111101001
1000100111101100
1000100111101101
1000101000000111
1000101000001011
1000101000001101
1000101000100011
1000101000100111
1000101000101101
1000101000101111
1000101000110010
1000101000110100
1000101000110101
1000101000110110
1000101000110111
1000101000111000
1000101000111001
1000101000111100
1000101000111101
1000101000111110
1000101001000011
1000101001000111
1000101001001011
1000101001001101
1000101001001111
1000101001010011
1000101001010111
1000101001011000
1000101001011001
1000101001011100
1000101001011110
1000101001011111
1000101001100011
1000101001100101
1000101001100111
1000101001101001
1000101001101011
1000101001101101
1000101001101111
1000101001110010
1000101001110011
1000101001110100
1000101001110110
1000101001111000
1000101001111001
1000101001111100
1000101001111110
1000101010000011
1000101010000111
1000101010001101
1000101010001111
1000101010010011
1000101010010111
1000101010011100
1000101010011110
1000101010110011
1000101010111001
1000101010111100
1000101010111101
1000101010111111
1000101011000011
1000101011000101
1000101011000111
1000101011001001
1000101011001011
1000101011001101
1000101011001111
1000101011010011
1000101011010111
1000101011011000
1000101011011001
1000101011011100
1000101011011110
1000101011011111
1000101011100011
1000101011100101
1000101011100111
1000101011101001
1000101011101101
1000101011101111
1000101100001101
1000101100101101
1000101100110000
1000101101001100
1000101101010000
1000101101100000
1000101101100100
1000101101100101
1000101101101100
1000101110010000
1000101110010101
1000101110011100
1000101110100000
1000101110100100
1000101110100101
1000101110101100
1000101110101101
1000101110110000
1000101111000000
1000101111000100
1000101111001001
1000101111001100
1000101111001101
1000101111010000
1000101111010101
1000101111011100
1000101111100000
1000101111100100
1000101111101000
1000101111101001
1000101111101100
1000101111101101
1000110000000011
1000110000000101
1000110000000111
1000110000001001
1000110000001011
1000110000001101
1000110000001111
1000110000100011
1000110000100101
1000110000100111
1000110000101001
1000110000101011
1000110000101101
1000110000101111
1000110000110010
1000110000110011
1000110000110100
1000110000110101
1000110000110110
1000110000110111
1000110000111000
1000110000111001
1000110000111100
1000110000111101
1000110000111110
1000110000111111
1000110001000011
1000110001000101
1000110001000111
1000110001001001
1000110001001011
1000110001001101
1000110001001111
1000110001010010
1000110001010011
1000110001010100
1000110001010101
1000110001010110
1000110001010111
1000110001011000
1000110001011001
1000110001011100
1000110001011101
1000110001011110
1000110001100011
1000110001100101
1000110001100111
1000110001101001
1000110001101011
1000110001101101
1000110001101111
1000110001110010
1000110001110011
1000110001110100
1000110001110101
1000110001110110
1000110001110111
1000110001111000
1000110001111001
1000110001111100
1000110001111110
1000110010000011
1000110010000101
1000110010000111
1000110010001001
1000110010001011
1000110010001101
1000110010001111
1000110010010010
1000110010010011
1000110010010100
1000110010010110
1000110010010111
1000110010011000
1000110010011001
1000110010011100
1000110010011101
1000110010100011
1000110010100101
1000110010100111
1000110010101001
1000110010101011
1000110010101101
1000110010110010
1000110010110011
1000110010110100
1000110010110101
1000110010110111
1000110010111100
1000110010111101
1000110010111110
1000110010111111
1000110011000011
1000110011000101
1000110011001011
1000110011001101
1000110011001111
1000110011010010
1000110011010011
1000110011010100
1000110011010110
1000110011011001
1000110011011100
1000110011011101
1000110011011110
1000110011011111
1000110011100011
1000110011100101
1000110011100111
1000110011101001
1000110011101011
1000110011101101
1000110011101111
1000110100001001
1000110100001101
1000110100101001
1000110100101101
1000110100110000
1000110101000101
1000110101001100
1000110101010000
1000110101011100
1000110101011101
1000110101100000
1000110101100100
1000110101100101
1000110101101000
1000110101101001
1000110101101100
1000110101101101
1000110101110000
1000110101110100
1000110101110101
1000110101111100
1000110101111101
1000110110010000
1000110110010101
1000110110100000
1000110110100100
1000110110100101
1000110110101000
1000110110101001
1000110110101100
1000110110101101
1000110110110000
1000110111000100
1000110111000101
1000110111001100
1000110111001101
1000110111010000
1000110111010101
1000110111011100
1000110111100100
1000110111101001
1000110111101100
1000110111101101
1001001000100011
1001001000100110
1001001000100111
1001001000101011
1001001000101100
1001001000101101
1001001000110010
1001001000110011
1001001000110100
1001001000110101
1001001000110111
1001001000111100
1001001000111101
1001001000111110
1001001001000011
1001001001000110
1001001001001011
1001001001001101
1001001001001111
1001001001010011
1001001001010111
1001001001011000
1001001001011001
1001001001011101
1001001001011110
1001001001011111
1001001001100010
1001001001100011
1001001001100100
1001001001100110
1001001001100111
1001001001101000
1001001001101001
1001001001101011
1001001001101100
1001001001101101
1001001001101111
1001001001110010
1001001001110011
1001001001110110
1001001001110111
1001001001111000
1001001001111001
1001001001111100
1001001001111110
1001001010000110
1001001010000111
1001001010001011
1001001010001100
1001001010001101
1001001010001110
1001001010001111
1001001010010011
1001001010010111
1001001010011000
1001001010011001
1001001010011100
1001001010011110
1001001010100011
1001001010101111
1001001010110011
1001001010110111
1001001010111000
1001001010111001
1001001010111100
1001001010111101
1001001010111110
1001001010111111
1001001011000010
1001001011000011
1001001011000100
1001001011000101
1001001011000110
1001001011000111
1001001011001000
1001001011001001
1001001011001011
1001001011001100
1001001011001101
1001001011001110
1001001011001111
1001001011010011
1001001011010111
1001001011011000
1001001011011001
1001001011011101
1001001011011110
1001001011011111
1001001011100010
1001001011100011
1001001011100100
1001001011100101
1001001011100110
1001001011100111
1001001011101000
1001001011101001
1001001011101011
1001001011101100
1001001011101101
1001001011101110
1001001011101111
1001001100101101
1001001100110000
1001001101000101
1001001101001100
1001001101010000
1001001101100000
1001001101100100
1001001101100101
1001001101101100
1001001101101101
1001001101110100
1001001110010000
1001001110011100
1001001110100000
1001001110100100
1001001110101100
1001001110101101
1001001110110000
1001001111000100
1001001111000101
1001001111001000
1001001111001101
1001001111010000
1001001111011100
1001001111100000
1001001111100100
1001001111101000
1001001111101100
1001001111101101
1001010000100011
1001010000101110
1001010000101111
1001010000110010
1001010000110101
1001010000110110
1001010000110111
1001010000111100
1001010000111110
1001010000111111
1001010001000110
1001010001000111
1001010001001100
1001010001001110
1001010001001111
1001010001010011
1001010001010111
1001010001011100
1001010001011101
1001010001011110
1001010001011111
1001010001100010
1001010001100110
1001010001101000
1001010001101001
1001010001101011
1001010001110010
1001010001110011
1001010001110100
1001010001110111
1001010001111000
1001010001111001
1001010001111100
1001010001111110
1001010010000110
1001010010000111
1001010010001100
1001010010001110
1001010010001111
1001010010010111
1001010010011100
1001010010011110
1001010010101111
1001010010110111
1001010010111100
1001010010111110
1001010010111111
1001010011000010
1001010011000011
1001010011000100
1001010011000101
1001010011000110
1001010011000111
1001010011001000
1001010011001001
1001010011001011
1001010011001100
1001010011001101
1001010011001110
1001010011001111
1001010011010111
1001010011011100
1001010011011110
1001010011011111
1001010011100010
1001010011100011
1001010011100100
1001010011100110
1001010011100111
1001010011101000
1001010011101011
1001010011101100
1001010011101101
1001010011101110
1001010100001101
1001010100110000
1001010100111100
1001010101110000
1001010101111100
1001010101111101
1001010110000100
1001010110000101
1001010110001001
1001010110001100
1001010110001101
1001010110010000
1001010110011000
1001010110011001
1001010110011100
1001010110011101
1001010110110000
1001010110111000
1001010110111001
1001010110111100
1001010110111101
1001010111000000
1001010111000100
1001010111000101
1001010111001000
1001010111001001
1001010111001100
1001010111001101
1001010111010000
1001010111011000
1001010111011001
1001010111011100
1001010111011101
1001010111100100
1001010111100101
1001010111101000
1001010111101001
1001010111101100
1001010111101101
1001011000000011
1001011000000101
1001011000000110
1001011000000111
1001011000001001
1001011000001010
1001011000001110
1001011000100010
1001011000100011
1001011000100100
1001011000100101
1001011000100110
1001011000100111
1001011000101000
1001011000101001
1001011000101011
1001011000101100
1001011000101110
1001011000101111
1001011000110010
1001011000110011
1001011000110100
1001011000110101
1001011000110110
1001011000110111
1001011000111000
1001011000111001
1001011000111101
1001011000111110
1001011000111111
1001011001000010
1001011001000011
1001011001000100
1001011001000101
1001011001000110
1001011001000111
1001011001001000
1001011001001001
1001011001001100
1001011001001101
1001011001001110
1001011001010111
1001011001011000
1001011001011100
1001011001011101
1001011001011110
1001011001011111
1001011001100010
1001011001100011
1001011001100100
1001011001100101
1001011001100110
1001011001100111
1001011001101011
1001011001101100
1001011001101101
1001011001101110
1001011001101111
1001011001110010
1001011001110011
1001011001110100
1001011001110101
1001011001111110
1001011010000010
1001011010000011
1001011010000100
1001011010000101
1001011010000110
1001011010001000
1001011010001001
1001011010001011
1001011010001100
1001011010001101
1001011010001110
1001011010001111
1001011010010011
1001011010010111
1001011010011000
1001011010011001
1001011010011100
1001011010011101
1001011010011110
1001011010011111
1001011010100011
1001011010100111
1001011010101111
1001011010110011
1001011010110111
1001011010111000
1001011010111001
1001011010111100
1001011010111101
1001011010111110
1001011010111111
1001011011000010
1001011011000100
1001011011000101
1001011011000110
1001011011001000
1001011011001001
1001011011001011
1001011011001100
1001011011001101
1001011011001110
1001011011001111
1001011011010011
1001011011010111
1001011011011000
1001011011011001
1001011011011101
1001011011011110
1001011011011111
1001011011100010
1001011011100100
1001011011100101
1001011011100110
1001011011100111
1001011011101000
1001011011101101
1001011011101110
1001011011101111
1001011100001101
1001011100101101
1001011100110000
1001011101000100
1001011101000101
1001011101001101
1001011101010000
1001011101100000
1001011101100100
1001011101100101
1001011101101100
1001011101101101
1001011101110000
1001011101110100
1001011101110101
1001011110010000
1001011110010100
1001011110010101
1001011110011100
1001011110011101
1001011110100000
1001011110100100
1001011110100101
1001011110101000
1001011110101001
1001011110101100
1001011110101101
1001011110110000
1001011110111101
1001011111000000
1001011111000101
1001011111001000
1001011111001001
1001011111001100
1001011111001101
1001011111010000
1001011111010100
1001011111011100
1001011111011101
1001011111100100
1001011111100101
1001011111101100
1001011111101101
1001100000100010
1001100000100110
1001100000100111
1001100000101001
1001100000101010
1001100000101011
1001100000101101
1001100000110010
1001100000110110
1001100000110111
1001100000111111
1001100001000101
1001100001000110
1001100001000111
1001100001001110
1001100001001111
1001100001010010
1001100001011001
1001100001011101
1001100001011110
1001100001011111
1001100001100010
1001100001100011
1001100001100100
1001100001100101
1001100001100110
1001100001100111
1001100001101000
1001100001101001
1001100001101010
1001100001101100
1001100001101101
1001100001101110
1001100001101111
1001100001110010
1001100001110011
1001100001110100
1001100001110101
1001100001110111
1001100001111000
1001100001111100
1001100001111101
1001100001111110
1001100010000010
1001100010000110
1001100010000111
1001100010001111
1001100010010010
1001100010010101
1001100010010111
1001100010011100
1001100010011110
1001100010011111
1001100010100010
1001100010100011
1001100010100100
1001100010100101
1001100010100110
1001100010101000
1001100010101001
1001100010101011
1001100010101100
1001100010101101
1001100010101110
1001100010101111
1001100010110010
1001100010111111
1001100011000010
1001100011000011
1001100011000100
1001100011000110
1001100011000111
1001100011001000
1001100011001010
1001100011001011
1001100011001100
1001100011001101
1001100011001110
1001100011010101
1001100011010110
1001100011010111
1001100011011100
1001100011011110
1001100011011111
1001100011100010
1001100011100100
1001100011100101
1001100011100110
1001100011100111
1001100011101000
1001100011101001
1001100011101010
1001100011101011
1001100011101100
1001100011101101
1001100011101110
1001100011101111
1001100100000101
1001100100001101
1001100100101000
1001100100101001
1001100100101100
1001100100101101
1001100100110000
1001100100110101
1001100100111100
1001100101000101
1001100101001100
1001100101010000
1001100101011100
1001100101100000
1001100101100100
1001100101101101
1001100101110000
1001100101110101
1001100101111100
1001100101111101
1001100110000101
1001100110001100
1001100110010101
1001100110100000
1001100110100100
1001100110100101
1001100110110000
1001100110110101
1001100111000000
1001100111001000
1001100111010000
1001100111100000
1001100111100101
1001100111101000
1001101000000011
1001101000000101
1001101000000110
1001101000000111
1001101000001001
1001101000001010
1001101000001011
1001101000001100
1001101000001101
1001101000001110
1001101000001111
1001101000100010
1001101000100011
1001101000100100
1001101000100101
1001101000100110
1001101000100111
1001101000101000
1001101000101001
1001101000101011
1001101000101100
1001101000101101
1001101000101110
1001101000101111
1001101000110010
1001101000110011
1001101000110100
1001101000110101
1001101000110110
1001101000111100
1001101000111101
1001101000111110
1001101000111111
1001101001000010
1001101001000011
1001101001000100
1001101001000101
1001101001000110
1001101001000111
1001101001001000
1001101001001001
1001101001001100
1001101001001101
1001101001001110
1001101001010011
1001101001010111
1001101001011000
1001101001011100
1001101001011101
1001101001011111
1001101001100010
1001101001100011
1001101001100100
1001101001100101
1001101001100110
1001101001100111
1001101001101000
1001101001101001
1001101001101011
1001101001101100
1001101001101110
1001101001101111
1001101001110010
1001101001110011
1001101001110100
1001101001110110
1001101001110111
1001101001111000
1001101001111001
1001101001111110
1001101010000010
1001101010000011
1001101010000100
1001101010000101
1001101010000110
1001101010000111
1001101010001000
1001101010001001
1001101010001100
1001101010001101
1001101010001110
1001101010001111
1001101010010011
1001101010010111
1001101010011000
1001101010100011
1001101010110011
1001101010110111
1001101011000010
1001101011000011
1001101011000100
1001101011000101
1001101011000110
1001101011001000
1001101011010011
1001101011010111
1001101011011000
1001101011100010
1001101011100011
1001101011100100
1001101011100110
1001101011100111
1001101011101000
1001101100001101
1001101100101101
1001101100110000
1001101101000101
1001101101001100
1001101101010000
1001101101100000
1001101101100101
1001101110010000
1001101110010101
1001101110100000
1001101110100100
1001101110100101
1001101110101000
1001101110110000
1001101111000000
1001101111000100
1001101111100000
1001101111100100
1001101111100101
1001101111101000
1001110000000011
1001110000000101
1001110000000110
1001110000000111
1001110000001001
1001110000001010
1001110000001011
1001110000001100
1001110000001110
1001110000001111
1001110000100010
1001110000100011
1001110000100100
1001110000100101
1001110000100110
1001110000100111
1001110000101100
1001110000101101
1001110000101110
1001110000101111
1001110000110110
1001110000110111
1001110000111000
1001110001000010
1001110001000011
1001110001000100
1001110001000101
1001110001000110
1001110001000111
1001110001001000
1001110001001001
1001110001001010
1001110001001011
1001110001001100
1001110001001101
1001110001001110
1001110001001111
1001110001010010
1001110001010011
1001110001010100
1001110001010110
1001110001010111
1001110001011000
1001110001011001
1001110001011100
1001110001011101
1001110001011110
1001110001011111
1001110001100010
1001110001100011
1001110001100100
1001110001100101
1001110001100110
1001110001100111
1001110001101000
1001110001101001
1001110001101010
1001110001101011
1001110001101100
1001110001101101
1001110001101110
1001110001110010
1001110001110011
1001110001110100
1001110001110101
1001110001110110
1001110001110111
1001110001111000
1001110001111001
1001110001111100
1001110001111101
1001110010000010
1001110010000011
1001110010000100
1001110010000101
1001110010000110
1001110010000111
1001110010001000
1001110010001001
1001110010001010
1001110010001011
1001110010001100
1001110010001110
1001110010001111
1001110010010010
1001110010010011
1001110010010100
1001110010010110
1001110010010111
1001110010011000
1001110010100010
1001110010100011
1001110010100100
1001110010100110
1001110010100111
1001110010101000
1001110010110010
1001110010110011
1001110010110100
1001110010110101
1001110010110110
1001110010110111
1001110010111000
1001110011000010
1001110011000011
1001110011000100
1001110011000101
1001110011000110
1001110011000111
1001110011010010
1001110011010011
1001110011010100
1001110011010111
1001110011100010
1001110011100011
1001110011100100
1001110011100101
1001110011100110
1001110011101000
1001110100001001
1001110100001101
1001110100101101
1001110100110000
1001110101001100
1001110101010000
1001110101011100
1001110101011101
1001110101100000
1001110101100100
1001110101100101
1001110101101000
1001110101101001
1001110101101100
1001110101101101
1001110101110000
1001110110010000
1001110110010101
1001110110100000
1001110110100100
1001110110100101
1001110110101000
1001110110110000
1001110111000000
1001110111000100
1001110111000101
1001110111001000
1001110111100100
1001110111100101
