1010001000100011
1010001000100111
1010001000110010
1010001000110011
1010001000110100
1010001000110101
1010001000110110
1010001000111000
1010001000111100
1010001000111101
1010001001000011
1010001001000111
1010001001001011
1010001001001101
1010001001010011
1010001001011000
1010001001011001
1010001001011100
1010001001011101
1010001001011110
1010001001011111
1010001001100011
1010001001100101
1010001001100111
1010001001101001
1010001001101011
1010001001101101
1010001001101111
1010001001110010
1010001001110011
1010001001110100
1010001001110110
1010001001110111
1010001001111000
1010001001111001
1010001001111100
1010001001111110
1010001010000011
1010001010000111
1010001010001101
1010001010010111
1010001010011000
1010001010011001
1010001010011100
1010001010011110
1010001010110011
1010001010110111
1010001010111001
1010001010111100
1010001010111101
1010001010111111
1010001011000011
1010001011000101
1010001011000111
1010001011001001
1010001011001011
1010001011001101
1010001011001111
1010001011010011
1010001011010111
1010001011011000
1010001011011001
1010001011011100
1010001011011101
1010001011011110
1010001011011111
1010001011100011
1010001011100101
1010001011100111
1010001011101001
1010001011101101
1010001011101111
1010001100101101
1010001100110000
1010001101000100
1010001101000101
1010001101001100
1010001101001101
1010001101010000
1010001101100000
1010001101100100
1010001101100101
1010001101101100
1010001101101101
1010001101110000
1010001101110100
1010001101110101
1010001110001001
1010001110001101
1010001110010000
1010001110011100
1010001110011101
1010001110100000
1010001110100100
1010001110101100
1010001110101101
1010001110110000
1010001110111101
1010001111000000
1010001111000100
1010001111001000
1010001111001001
1010001111001101
1010001111010100
1010001111011100
1010001111011101
1010001111100000
1010001111100100
1010001111101000
1010001111101100
1010001111101101
1010010000100011
1010010000100111
1010010000101011
1010010000101101
1010010000110010
1010010000110011
1010010000110100
1010010000110101
1010010000110110
1010010000110111
1010010000111000
1010010000111001
1010010000111100
1010010000111101
1010010000111110
1010010000111111
1010010001000011
1010010001000111
1010010001001101
1010010001001111
1010010001010011
1010010001011000
1010010001011100
1010010001011101
1010010001011110
1010010001011111
1010010001100011
1010010001100101
1010010001100111
1010010001101001
1010010001101011
1010010001101101
1010010001101111
1010010001110010
1010010001110011
1010010001110100
1010010001110110
1010010001111000
1010010001111001
1010010001111100
1010010001111110
1010010010000011
1010010010000111
1010010010001011
1010010010001101
1010010010001111
1010010010010011
1010010010010111
1010010010011000
1010010010011001
1010010010011100
1010010010011110
1010010010100011
1010010010101111
1010010010110111
1010010010111000
1010010010111001
1010010010111100
1010010010111101
1010010010111110
1010010010111111
1010010011000011
1010010011000101
1010010011000111
1010010011001001
1010010011001011
1010010011001101
1010010011001111
1010010011010011
1010010011010111
1010010011011000
1010010011011001
1010010011011100
1010010011011110
1010010011011111
1010010011100011
1010010011100111
1010010011101011
1010010011101101
1010010100001101
1010010100110000
1010010101110000
1010010101111100
1010010101111101
1010010110000100
1010010110000101
1010010110001000
1010010110001001
1010010110001100
1010010110001101
1010010110010000
1010010110011000
1010010110011001
1010010110011100
1010010110011101
1010010110110000
1010010110111000
1010010110111001
1010010110111100
1010010110111101
1010010111000000
1010010111001000
1010010111001001
1010010111001100
1010010111001101
1010010111010000
1010010111011000
1010010111011001
1010010111011100
1010010111011101
1010010111100000
1010010111100100
1010010111100101
1010010111101000
1010010111101001
1010010111101100
1010010111101101
1010011000000011
1010011000000101
1010011000000111
1010011000001001
1010011000001011
1010011000001101
1010011000100011
1010011000100101
1010011000100111
1010011000101001
1010011000101011
1010011000101101
1010011000101111
1010011000110010
1010011000110011
1010011000110100
1010011000110101
1010011000110110
1010011000110111
1010011000111000
1010011000111001
1010011000111100
1010011000111110
1010011000111111
1010011001000011
1010011001000101
1010011001000111
1010011001001001
1010011001001011
1010011001001101
1010011001001111
1010011001010011
1010011001010111
1010011001011000
1010011001011001
1010011001011100
1010011001011101
1010011001011110
1010011001011111
1010011001100011
1010011001100111
1010011001101101
1010011001101111
1010011001110010
1010011001110011
1010011001110100
1010011001110110
1010011001111000
1010011001111100
1010011001111110
1010011010000011
1010011010000101
1010011010000111
1010011010001001
1010011010001011
1010011010001101
1010011010001111
1010011010010011
1010011010011000
1010011010011001
1010011010011100
1010011010011110
1010011010100011
1010011010101111
1010011010110011
1010011010110111
1010011010111000
1010011010111001
1010011010111100
1010011010111101
1010011010111110
1010011010111111
1010011011000011
1010011011000101
1010011011000111
1010011011001001
1010011011001011
1010011011001101
1010011011001111
1010011011010111
1010011011011000
1010011011011001
1010011011011100
1010011011011101
1010011011011110
1010011011011111
1010011011100011
1010011011100101
1010011011100111
1010011011101001
1010011011101011
1010011011101101
1010011011101111
1010011100001101
1010011100101101
1010011100110000
1010011101000100
1010011101001100
1010011101010000
1010011101100100
1010011101100101
1010011101101100
1010011101101101
1010011101110000
1010011101110100
1010011110001101
1010011110010000
1010011110011100
1010011110100000
1010011110100100
1010011110101000
1010011110101100
1010011110101101
1010011110110000
1010011111000000
1010011111000100
1010011111001000
1010011111001100
1010011111010000
1010011111011100
1010011111100000
1010011111100100
1010011111101000
1010011111101100
1010100000100111
1010100000101101
1010100000101111
1010100000110010
1010100000110110
1010100000110111
1010100000111001
1010100000111101
1010100001000011
1010100001000111
1010100001001011
1010100001001101
1010100001001111
1010100001010011
1010100001010111
1010100001011000
1010100001011001
1010100001011100
1010100001011110
1010100001011111
1010100001100011
1010100001100101
1010100001100111
1010100001101001
1010100001101011
1010100001101101
1010100001101111
1010100001110010
1010100001110011
1010100001110100
1010100001110110
1010100001110111
1010100001111000
1010100001111001
1010100001111100
1010100001111110
1010100010000111
1010100010001101
1010100010001111
1010100010010011
1010100010011000
1010100010011100
1010100010011110
1010100010111001
1010100010111101
1010100010111111
1010100011000011
1010100011000101
1010100011000111
1010100011001001
1010100011001011
1010100011001101
1010100011001111
1010100011010011
1010100011010111
1010100011011000
1010100011011001
1010100011011100
1010100011011101
1010100011011110
1010100011011111
1010100011100011
1010100011100111
1010100011101101
1010100011101111
1010100100001101
1010100100110000
1010100100111100
1010100101110000
1010100110000100
1010100110000101
1010100110001000
1010100110001001
1010100110001100
1010100110001101
1010100110010000
1010100110011000
1010100110100000
1010100110110000
1010100111000000
1010100111000100
1010100111001000
1010100111010000
1010100111011000
1010100111100000
1010100111100100
1010100111101000
1010101000000011
1010101000000111
1010101000001101
1010101000110011
1010101000110111
1010101000111100
1010101001000011
1010101001100011
1010101001111000
1010101011000111
1010101011100111
1010101100001101
1010101110001001
1010101111000100
1010101111000101
1010101111001000
1010101111010000
1010101111100000
1010101111100100
1010101111100101
1010110000000101
1010110000000111
1010110000001001
1010110000001101
1010110000001111
1010110000100011
1010110000100101
1010110000100111
1010110000101001
1010110000101101
1010110000101111
1010110000110010
1010110000110100
1010110000110110
1010110000110111
1010110000111000
1010110000111001
1010110000111100
1010110000111101
1010110000111110
1010110000111111
1010110001000111
1010110001001001
1010110001001011
1010110001001101
1010110001001111
1010110001010011
1010110001010111
1010110001011001
1010110001011100
1010110001011101
1010110001011110
1010110001011111
1010110001100011
1010110001100101
1010110001100111
1010110001101001
1010110001101011
1010110001101101
1010110001101111
1010110001110010
1010110001110011
1010110001110100
1010110001110101
1010110001110110
1010110001111000
1010110001111001
1010110001111100
1010110001111101
1010110001111110
1010110010000011
1010110010000101
1010110010000111
1010110010001001
1010110010001011
1010110010001101
1010110010001111
1010110010010011
1010110010010111
1010110010011000
1010110010100011
1010110010100111
1010110010110011
1010110010110111
1010110010111000
1010110011000011
1010110011000101
1010110011000111
1010110011010011
1010110011011000
1010110011100011
1010110011100101
1010110011100111
1010110100001001
1010110100001101
1010110100110000
1010110100111101
1010110101111100
1010110110001001
1010110110001101
1010110110010000
1010110110011000
1010110110100000
1010110111000100
1010110111000101
1010110111001000
1010110111010000
1010110111011000
1010110111100100
1010110111100101
1011001000100010
1011001000100011
1011001000100101
1011001000100110
1011001000100111
1011001000101000
1011001000101001
1011001000110011
1011001000110100
1011001000110101
1011001000110110
1011001000110111
1011001000111001
1011001000111100
1011001001000010
1011001001000011
1011001001000100
1011001001000101
1011001001000110
1011001001000111
1011001001001000
1011001001001011
1011001001001100
1011001001010011
1011001001010111
1011001001011001
1011001001011100
1011001001011101
1011001001011110
1011001001100010
1011001001100011
1011001001100100
1011001001100101
1011001001100110
1011001001101000
1011001001101001
1011001001101011
1011001001101100
1011001001101101
1011001001101110
1011001001101111
1011001001110010
1011001001110100
1011001001110101
1011001001110111
1011001001111000
1011001001111001
1011001001111100
1011001001111101
1011001001111110
1011001010000010
1011001010000011
1011001010000100
1011001010000110
1011001010000111
1011001010001000
1011001010001001
1011001010001011
1011001010001100
1011001010001101
1011001010001110
1011001010001111
1011001010010011
1011001010010111
1011001010011000
1011001010011001
1011001010011100
1011001010011101
1011001010011110
1011001010011111
1011001010100111
1011001010101111
1011001010110011
1011001010110111
1011001010111000
1011001010111001
1011001010111100
1011001010111101
1011001010111110
1011001010111111
1011001011000010
1011001011000011
1011001011000100
1011001011000101
1011001011000110
1011001011000111
1011001011001000
1011001011001001
1011001011001011
1011001011001100
1011001011001101
1011001011001110
1011001011001111
1011001011010011
1011001011010111
1011001011011000
1011001011011001
1011001011011100
1011001011011101
1011001011011110
1011001011011111
1011001011100010
1011001011101000
1011001011101001
1011001011101011
1011001011101100
1011001011101101
1011001011101110
1011001011101111
1011001100000101
1011001100100100
1011001100100101
1011001100110000
1011001100110101
1011001101000101
1011001101010000
1011001101101100
1011001101101101
1011001101110000
1011001101110100
1011001101110101
1011001110000101
1011001110001100
1011001110010000
1011001110011100
1011001110100000
1011001110101000
1011001110101001
1011001110101100
1011001110110000
1011001110110101
1011001110111100
1011001111000000
1011001111000100
1011001111000101
1011001111001000
1011001111001001
1011001111010000
1011001111010101
1011001111011100
1011001111100100
1011001111100101
1011001111101000
1011001111101001
1011001111101100
1011001111101101
1011010000100010
1011010000100011
1011010000100100
1011010000100101
1011010000100110
1011010000100111
1011010000101000
1011010000101001
1011010000101011
1011010000101100
1011010000110010
1011010000110101
1011010000110110
1011010000110111
1011010000111110
1011010001000010
1011010001000101
1011010001000110
1011010001000111
1011010001001110
1011010001001111
1011010001010011
1011010001010111
1011010001011001
1011010001011100
1011010001011101
1011010001011110
1011010001011111
1011010001100010
1011010001100011
1011010001100100
1011010001100101
1011010001100110
1011010001100111
1011010001101000
1011010001101011
1011010001101100
1011010001101101
1011010001101110
1011010001101111
1011010001110010
1011010001110011
1011010001110100
1011010001110101
1011010001110110
1011010001110111
1011010001111001
1011010001111100
1011010001111101
1011010001111110
1011010010000010
1011010010000101
1011010010000110
1011010010001100
1011010010001110
1011010010001111
1011010010010111
1011010010011100
1011010010011110
1011010010011111
1011010010100011
1011010010100111
1011010010101111
1011010010110111
1011010010111100
1011010010111110
1011010010111111
1011010011000010
1011010011000100
1011010011000101
1011010011000110
1011010011000111
1011010011001000
1011010011001001
1011010011001011
1011010011001100
1011010011001101
1011010011001110
1011010011001111
1011010011010111
1011010011011100
1011010011011110
1011010011011111
1011010011100010
1011010011100011
1011010011100100
1011010011100101
1011010011100110
1011010011100111
1011010011101000
1011010011101001
1011010011101011
1011010011101100
1011010011101101
1011010100000101
1011010100001001
1011010100110000
1011010100111100
1011010101111100
1011010110000100
1011010110000101
1011010110001001
1011010110001100
1011010110001101
1011010110010000
1011010110011000
1011010110011001
1011010110011100
1011010110011101
1011010110100000
1011010110111000
1011010110111001
1011010110111100
1011010111000101
1011010111001000
1011010111001001
1011010111001100
1011010111001101
1011010111010000
1011010111011000
1011010111011001
1011010111011100
1011010111100000
1011010111100100
1011010111100101
1011010111101000
1011010111101001
1011011000000011
1011011000000101
1011011000000110
1011011000000111
1011011000001001
1011011000001010
1011011000001011
1011011000001100
1011011000001101
1011011000100010
1011011000100011
1011011000100100
1011011000100101
1011011000100110
1011011000100111
1011011000101000
1011011000101001
1011011000101011
1011011000101100
1011011000101101
1011011000101110
1011011000110010
1011011000110011
1011011000110100
1011011000110101
1011011000110110
1011011000110111
1011011000111000
1011011000111001
1011011000111100
1011011000111101
1011011001000010
1011011001000011
1011011001000100
1011011001000101
1011011001000110
1011011001000111
1011011001001000
1011011001001011
1011011001001100
1011011001001110
1011011001001111
1011011001010011
1011011001010111
1011011001011000
1011011001011001
1011011001011101
1011011001011110
1011011001011111
1011011001100010
1011011001100011
1011011001100100
1011011001100101
1011011001100110
1011011001100111
1011011001101000
1011011001101001
1011011001101110
1011011001101111
1011011001110010
1011011001110011
1011011001110100
1011011001110101
1011011001110110
1011011001110111
1011011001111001
1011011001111100
1011011001111101
1011011001111110
1011011010000010
1011011010000011
1011011010000100
1011011010000101
1011011010000110
1011011010000111
1011011010001000
1011011010001011
1011011010001100
1011011010001101
1011011010001110
1011011010001111
1011011010010011
1011011010010111
1011011010011001
1011011010011100
1011011010011101
1011011010011110
1011011010011111
1011011010100011
1011011010110011
1011011010111000
1011011010111001
1011011010111100
1011011011000010
1011011011000011
1011011011000100
1011011011000110
1011011011000111
1011011011001000
1011011011001011
1011011011001100
1011011011001101
1011011011010011
1011011011011000
1011011011100010
1011011011100100
1011011011100101
1011011011100110
1011011011100111
1011011011101000
1011011011101001
1011011011101100
1011011100000101
1011011100001100
1011011100001101
1011011100100100
1011011100100101
1011011100101100
1011011100101101
1011011100110000
1011011100110100
1011011100110101
1011011101000100
1011011101000101
1011011101001100
1011011101001101
1011011101010000
1011011101100000
1011011101100100
1011011101100101
1011011101110100
1011011110000100
1011011110000101
1011011110001001
1011011110010000
1011011110011100
1011011110011101
1011011110100000
1011011110100100
1011011110100101
1011011110101001
1011011110101100
1011011110110000
1011011110110100
1011011110111100
1011011111000100
1011011111000101
1011011111001000
1011011111001001
1011011111001100
1011011111001101
1011011111010000
1011011111010100
1011011111011100
1011011111100000
1011011111100101
1011011111101000
1011011111101001
1011100000100010
1011100000100011
1011100000100100
1011100000100101
1011100000100110
1011100000100111
1011100000101000
1011100000101001
1011100000101011
1011100000101100
1011100000101101
1011100000101110
1011100000101111
1011100000110010
1011100000110101
1011100000110110
1011100000110111
1011100000111100
1011100000111110
1011100000111111
1011100001000010
1011100001000101
1011100001000110
1011100001000111
1011100001001010
1011100001001100
1011100001001110
1011100001010011
1011100001010100
1011100001010101
1011100001010110
1011100001010111
1011100001011000
1011100001011001
1011100001011100
1011100001011101
1011100001011111
1011100001100010
1011100001100011
1011100001100100
1011100001100101
1011100001100110
1011100001100111
1011100001101000
1011100001101001
1011100001101010
1011100001101011
1011100001101100
1011100001101110
1011100001101111
1011100001110010
1011100001110011
1011100001110100
1011100001110101
1011100001110110
1011100001110111
1011100001111000
1011100001111001
1011100001111101
1011100001111110
1011100010000010
1011100010000101
1011100010000110
1011100010000111
1011100010001110
1011100010001111
1011100010010010
1011100010010101
1011100010010110
1011100010010111
1011100010011100
1011100010011110
1011100010011111
1011100010100011
1011100010100100
1011100010100101
1011100010100110
1011100010100111
1011100010101100
1011100010101101
1011100010101111
1011100010110010
1011100010110101
1011100010110110
1011100010110111
1011100010111100
1011100010111110
1011100010111111
1011100011000010
1011100011000011
1011100011000100
1011100011000101
1011100011000110
1011100011001000
1011100011001001
1011100011001010
1011100011001011
1011100011001100
1011100011001101
1011100011001110
1011100011001111
1011100011010010
1011100011010101
1011100011010111
1011100011011100
1011100011011111
1011100011100010
1011100011100011
1011100011100110
1011100011100111
1011100011101000
1011100011101001
1011100011101011
1011100011101100
1011100011101101
1011100011101110
1011100011101111
1011100100000101
1011100100001001
1011100100001101
1011100100100100
1011100100100101
1011100100101000
1011100100101001
1011100100101100
1011100100101101
1011100100110000
1011100100110101
1011100100111100
1011100101000101
1011100101001100
1011100101010000
1011100101011100
1011100101011101
1011100101100000
1011100101100100
1011100101100101
1011100101101000
1011100101101001
1011100101101100
1011100101101101
1011100101110000
1011100101110100
1011100101111100
1011100110000101
1011100110010000
1011100110010101
1011100110110000
1011100110110101
1011100111000000
1011100111000100
1011100111000101
1011100111010000
1011100111010101
1011100111100000
1011100111100100
1011100111100101
1011100111101000
1011101000000011
1011101000000101
1011101000000110
1011101000000111
1011101000001001
1011101000001100
1011101000001101
1011101000001110
1011101000001111
1011101000100011
1011101000100100
1011101000100101
1011101000100110
1011101000100111
1011101000101001
1011101000101100
1011101000101101
1011101000101111
1011101000110010
1011101000110011
1011101000110110
1011101000110111
1011101000111000
1011101000111001
1011101000111101
1011101000111110
1011101000111111
1011101001000010
1011101001000011
1011101001000100
1011101001000101
1011101001000110
1011101001000111
1011101001001000
1011101001001011
1011101001001100
1011101001001101
1011101001001110
1011101001001111
1011101001010111
1011101001011000
1011101001011001
1011101001011100
1011101001011110
1011101001011111
1011101001100010
1011101001100011
1011101001100100
1011101001100101
1011101001100110
1011101001100111
1011101001101000
1011101001101001
1011101001101011
1011101001101100
1011101001101101
1011101001101110
1011101001110010
1011101001110011
1011101001110100
1011101001110101
1011101001110110
1011101001110111
1011101001111000
1011101001111001
1011101001111100
1011101001111101
1011101010000011
1011101010000100
1011101010000101
1011101010000110
1011101010000111
1011101010001001
1011101010001100
1011101010001111
1011101010010011
1011101010010111
1011101010100111
1011101010110011
1011101011000010
1011101011000011
1011101011000100
1011101011000101
1011101011000110
1011101011000111
1011101011001000
1011101011010011
1011101011100011
1011101011100100
1011101011100101
1011101011100110
1011101100000101
1011101100001100
1011101100001101
1011101100100100
1011101100100101
1011101100101100
1011101100101101
1011101100110101
1011101101000101
1011101101001100
1011101101010000
1011101101100100
1011101101100101
1011101101101100
1011101110010101
1011101110100000
1011101110100100
1011101110100101
1011101111000000
1011101111000100
1011101111000101
1011101111010000
1011101111100000
1011101111100100
1011101111100101
1011110000000011
1011110000000101
1011110000000110
1011110000000111
1011110000001001
1011110000001010
1011110000001011
1011110000001100
1011110000001101
1011110000001110
1011110000001111
1011110000100010
1011110000100011
1011110000100100
1011110000100101
1011110000100110
1011110000100111
1011110000101000
1011110000101001
1011110000101010
1011110000101011
1011110000101100
1011110000101101
1011110000101110
1011110000101111
1011110000110010
1011110000110011
1011110000110100
1011110000110101
1011110000110110
1011110000110111
1011110000111000
1011110000111001
1011110000111100
1011110000111110
1011110000111111
1011110001000010
1011110001000011
1011110001000100
1011110001000101
1011110001000110
1011110001000111
1011110001001000
1011110001001001
1011110001001010
1011110001001011
1011110001001100
1011110001001101
1011110001001110
1011110001001111
1011110001010010
1011110001010011
1011110001010100
1011110001010101
1011110001010110
1011110001010111
1011110001011000
1011110001011001
1011110001011100
1011110001011101
1011110001011110
1011110001011111
1011110001100010
1011110001100011
1011110001100100
1011110001100101
1011110001100110
1011110001100111
1011110001101000
1011110001101001
1011110001101010
1011110001101011
1011110001101100
1011110001101101
1011110001101110
1011110001101111
1011110001110010
1011110001110011
1011110001110100
1011110001110101
1011110001110110
1011110001110111
1011110001111000
1011110001111001
1011110001111100
1011110001111101
1011110001111110
1011110010000010
1011110010000011
1011110010000100
1011110010000101
1011110010000110
1011110010000111
1011110010001000
1011110010001001
1011110010001010
1011110010001011
1011110010001100
1011110010001101
1011110010001110
1011110010010010
1011110010010011
1011110010010100
1011110010010101
1011110010010110
1011110010010111
1011110010011000
1011110010100010
1011110010100011
1011110010100100
1011110010100101
1011110010100110
1011110010100111
1011110010101000
1011110010110010
1011110010110011
1011110010110100
1011110010110101
1011110010110110
1011110010110111
1011110010111000
1011110011000010
1011110011000011
1011110011000100
1011110011000101
1011110011000110
1011110011000111
1011110011001000
1011110011010010
1011110011010011
1011110011010100
1011110011010101
1011110011010110
1011110011010111
1011110011100010
1011110011100011
1011110011100100
1011110011100101
1011110011100110
1011110011100111
1011110100000101
1011110100001001
1011110100001100
1011110100001101
1011110100100100
1011110100100101
1011110100101000
1011110100101001
1011110100101100
1011110100101101
1011110100110000
1011110100110101
1011110100111100
1011110101000101
1011110101001100
1011110101010000
1011110101011100
1011110101100000
1011110101100100
1011110101100101
1011110101101000
1011110101101001
1011110101101100
1011110101110000
1011110101110100
1011110101111100
1011110110000101
1011110110001100
1011110110010000
1011110110010101
1011110110100000
1011110110100100
1011110110100101
1011110110101000
1011110110110000
1011110111000000
1011110111000100
1011110111000101
1011110111001000
1011110111010000
1011110111100100
1011110111100101
