1100000000110010
1100000000110011
1100000000110100
1100000000110101
1100000000110110
1100000000110111
1100000001010010
1100000001010011
1100000001010100
1100000001010101
1100000001011001
1100000001011010
1100000001011011
1100000001100011
1100000001100101
1100000001100111
1100000001101001
1100000001101011
1100000001110010
1100000001110011
1100000001110100
1100000001110110
1100000001110111
1100000001111001
1100000001111010
1100000001111011
1100000001111101
1100000010010010
1100000010010100
1100000010010101
1100000010010110
1100000010010111
1100000010011000
1100000010011010
1100000010011011
1100000010011100
1100000010011101
1100000010011110
1100000010011111
1100000010100011
1100000010100101
1100000010100111
1100000010101001
1100000010101101
1100000010101111
1100000010110010
1100000010110011
1100000010110100
1100000010110101
1100000010110110
1100000010110111
1100000010111000
1100000010111001
1100000010111010
1100000010111011
1100000010111100
1100000010111101
1100000010111111
1100000011000011
1100000011000101
1100000011000111
1100000011001001
1100000011001011
1100000011001101
1100000011001111
1100000011010010
1100000011010011
1100000011010100
1100000011010101
1100000011010110
1100000011010111
1100000011011000
1100000011011001
1100000011011010
1100000011011011
1100000011011100
1100000011011101
1100000011011110
1100000011011111
1100000011100011
1100000011100101
1100000011100111
1100000011101001
1100000011101011
1100000011101101
1100001000100101
1100001000100111
1100001000101001
1100001000110010
1100001000110011
1100001000110100
1100001000110101
1100001000110110
1100001000110111
1100001000111010
1100001001000111
1100001001001001
1100001001001011
1100001001010010
1100001001010011
1100001001010100
1100001001010101
1100001001010110
1100001001010111
1100001001011000
1100001001011010
1100001001011011
1100001001011100
1100001001011101
1100001001100011
1100001001100101
1100001001100111
1100001001101011
1100001001101101
1100001001110100
1100001001110101
1100001001110110
1100001001111000
1100001001111001
1100001001111110
1100001010001001
1100001010001011
1100001010001101
1100001010001111
1100001010010010
1100001010010011
1100001010010100
1100001010010110
1100001010010111
1100001010011000
1100001010011001
1100001010011010
1100001010011011
1100001010011100
1100001010011101
1100001010011110
1100001010011111
1100001010100011
1100001010100101
1100001010100111
1100001010101001
1100001010101101
1100001010101111
1100001010110010
1100001010110100
1100001010110101
1100001010110110
1100001010110111
1100001010111000
1100001010111010
1100001010111100
1100001010111101
1100001010111110
1100001010111111
1100001011000101
1100001011000111
1100001011001001
1100001011001111
1100001011010010
1100001011010011
1100001011011000
1100001011011001
1100001011011010
1100001011011011
1100001011011100
1100001011100011
1100001011100101
1100001011101101
1100001011101111
1100001100000101
1100001100001001
1100001100100100
1100001100101000
1100001100101001
1100001100110101
1100001101001000
1100001101010000
1100001101010100
1100001101010101
1100001101011100
1100001101011101
1100001101100000
1100001101101000
1100001101101101
1100001101110000
1100001101110100
1100001101110101
1100001101111100
1100001101111101
1100001110000100
1100001110000101
1100001110001100
1100001110001101
1100001110010000
1100001110011000
1100001110011001
1100001110100000
1100001110100100
1100001110101000
1100001110101001
1100001110101100
1100001110101101
1100001110110000
1100001110110101
1100001110111000
1100001110111001
1100001110111100
1100001110111101
1100001111000100
1100001111000101
1100001111001000
1100001111001001
1100001111001101
1100001111010000
1100001111010100
1100001111010101
1100001111011000
1100001111011001
1100001111011100
1100001111011101
1100001111100100
1100001111100101
1100001111101000
1100001111101001
1100001111101100
1100001111101101
1100010000100101
1100010000100111
1100010000101001
1100010000110010
1100010000110011
1100010000110100
1100010000110101
1100010000110110
1100010000110111
1100010000111000
1100010000111001
1100010000111010
1100010000111011
1100010001000011
1100010001000101
1100010001000111
1100010001001001
1100010001010010
1100010001010011
1100010001010100
1100010001010110
1100010001010111
1100010001011000
1100010001011101
1100010001011110
1100010001011111
1100010001100011
1100010001100101
1100010001100111
1100010001101001
1100010001101011
1100010001101101
1100010001101111
1100010001110010
1100010001110100
1100010001110101
1100010001110110
1100010001110111
1100010001111000
1100010001111010
1100010001111101
1100010001111110
1100010010000011
1100010010000101
1100010010000111
1100010010001001
1100010010001101
1100010010001111
1100010010010011
1100010010010100
1100010010010101
1100010010010110
1100010010011000
1100010010011001
1100010010011010
1100010010011011
1100010010011100
1100010010011101
1100010010011110
1100010010011111
1100010010100011
1100010010100101
1100010010100111
1100010010101001
1100010010101011
1100010010101101
1100010010101111
1100010010110010
1100010010110011
1100010010110110
1100010010110111
1100010010111000
1100010010111001
1100010010111101
1100010010111110
1100010010111111
1100010011000101
1100010011000111
1100010011001001
1100010011001011
1100010011001101
1100010011001111
1100010011010010
1100010011010100
1100010011010101
1100010011010110
1100010011010111
1100010011011001
1100010011011010
1100010011011011
1100010011011100
1100010011100011
1100010011100111
1100010011101001
1100010100000101
1100010100001001
1100010100100100
1100010100100101
1100010100101000
1100010100101001
1100010100101100
1100010100101101
1100010100110000
1100010100110100
1100010100110101
1100010100111000
1100010100111001
1100010100111100
1100010100111101
1100010101000100
1100010101001000
1100010101001001
1100010101010000
1100010101011001
1100010101100100
1100010101100101
1100010101101000
1100010101101101
1100010101110000
1100010101110100
1100010101111000
1100010101111001
1100010101111100
1100010101111101
1100010110000100
1100010110000101
1100010110001000
1100010110001100
1100010110001101
1100010110010000
1100010110010100
1100010110010101
1100010110011001
1100010110011100
1100010110011101
1100010110100000
1100010110100100
1100010110100101
1100010110101000
1100010110101001
1100010110101100
1100010110101101
1100010110110000
1100010110110100
1100010110110101
1100010110111000
1100010110111001
1100010110111100
1100010110111101
1100010111000100
1100010111001000
1100010111001001
1100010111001100
1100010111001101
1100010111010000
1100010111011000
1100010111011001
1100010111011100
1100010111011101
1100010111100000
1100010111100100
1100010111100101
1100010111101000
1100010111101001
1100010111101100
1100010111101101
1100011000000011
1100011000000101
1100011000000111
1100011000001001
1100011000001011
1100011000100011
1100011000100101
1100011000100111
1100011000101001
1100011000101011
1100011000101101
1100011000110010
1100011000110011
1100011000110100
1100011000110101
1100011000110110
1100011000110111
1100011000111000
1100011000111001
1100011000111010
1100011000111011
1100011000111100
1100011000111101
1100011000111110
1100011001000011
1100011001000101
1100011001000111
1100011001001001
1100011001001011
1100011001001101
1100011001001111
1100011001010010
1100011001010011
1100011001010100
1100011001010101
1100011001010110
1100011001010111
1100011001011000
1100011001011001
1100011001011010
1100011001011011
1100011001011110
1100011001011111
1100011001100101
1100011001100111
1100011001101001
1100011001101111
1100011001110010
1100011001110100
1100011001110110
1100011001111000
1100011001111010
1100011001111110
1100011010000011
1100011010000101
1100011010000111
1100011010001001
1100011010001011
1100011010001101
1100011010001111
1100011010010010
1100011010010011
1100011010010100
1100011010010101
1100011010010110
1100011010010111
1100011010011000
1100011010011010
1100011010011011
1100011010011100
1100011010011101
1100011010011110
1100011010011111
1100011010100011
1100011010100101
1100011010100111
1100011010101001
1100011010101011
1100011010101101
1100011010101111
1100011010110010
1100011010110100
1100011010110110
1100011010111000
1100011010111010
1100011010111100
1100011010111110
1100011011000011
1100011011000101
1100011011000111
1100011011001001
1100011011001011
1100011011001101
1100011011001111
1100011011010010
1100011011010100
1100011011010110
1100011011011000
1100011011011010
1100011011011100
1100011011011110
1100011100000101
1100011100001001
1100011100001100
1100011100001101
1100011100100100
1100011100100101
1100011100101000
1100011100101001
1100011100101100
1100011100101101
1100011100110000
1100011100110100
1100011100110101
1100011100111100
1100011100111101
1100011101000100
1100011101000101
1100011101001000
1100011101001001
1100011101001100
1100011101001101
1100011101010000
1100011101010100
1100011101011100
1100011101011101
1100011101100000
1100011101100100
1100011101100101
1100011101101000
1100011101101001
1100011101110000
1100011101110100
1100011110001000
1100011110001101
1100011110010000
1100011110010100
1100011110010101
1100011110011000
1100011110011001
1100011110011100
1100011110011101
1100011110100000
1100011110100100
1100011110100101
1100011110101000
1100011110101100
1100011110101101
1100011110110100
1100011110111100
1100011111000100
1100011111000101
1100011111001000
1100011111001001
1100011111001100
1100011111001101
1100011111010000
1100011111010100
1100011111011000
1100011111011100
1100011111100100
1100011111101000
1100011111101100
1100100000100011
1100100000100101
1100100000100111
1100100000101001
1100100000101011
1100100000101101
1100100000101111
1100100000110010
1100100000110011
1100100000110100
1100100000110101
1100100000110110
1100100000110111
1100100000111000
1100100000111001
1100100000111010
1100100000111011
1100100000111100
1100100000111101
1100100000111110
1100100000111111
1100100001000011
1100100001000101
1100100001000111
1100100001001001
1100100001001011
1100100001001101
1100100001001111
1100100001010010
1100100001010011
1100100001010100
1100100001010101
1100100001010110
1100100001010111
1100100001011000
1100100001011001
1100100001011010
1100100001011011
1100100001011100
1100100001011101
1100100001011110
1100100001100011
1100100001100101
1100100001100111
1100100001101001
1100100001101011
1100100001101101
1100100001101111
1100100001110010
1100100001110011
1100100001110100
1100100001110101
1100100001110110
1100100001110111
1100100001111000
1100100001111001
1100100001111010
1100100001111011
1100100001111110
1100100010000011
1100100010000101
1100100010000111
1100100010001001
1100100010001111
1100100010010010
1100100010010011
1100100010010100
1100100010010101
1100100010010110
1100100010010111
1100100010011000
1100100010011010
1100100010011101
1100100010011110
1100100010011111
1100100010100011
1100100010100101
1100100010100111
1100100010101001
1100100010101011
1100100010101101
1100100010101111
1100100010110010
1100100010110011
1100100010110100
1100100010110101
1100100010110110
1100100010110111
1100100010111000
1100100010111010
1100100010111011
1100100010111100
1100100010111101
1100100010111110
1100100010111111
1100100011000011
1100100011000101
1100100011000111
1100100011001001
1100100011001011
1100100011001101
1100100011001111
1100100011010010
1100100011010011
1100100011010100
1100100011010101
1100100011010110
1100100011011000
1100100011011001
1100100011011010
1100100011011011
1100100011011100
1100100011011101
1100100011011110
1100100011011111
1100100011100011
1100100011100101
1100100011100111
1100100011101001
1100100011101011
1100100011101101
1100100011101111
1100100100000101
1100100100001001
1100100100001100
1100100100001101
1100100100100100
1100100100100101
1100100100101000
1100100100101001
1100100100101100
1100100100101101
1100100100110000
1100100100110100
1100100100110101
1100100100111000
1100100100111001
1100100100111100
1100100100111101
1100100101000100
1100100101000101
1100100101001100
1100100101001101
1100100101010000
1100100101011000
1100100101011001
1100100101011100
1100100101011101
1100100101100000
1100100101100100
1100100101100101
1100100101101000
1100100101101001
1100100101101100
1100100101101101
1100100101110000
1100100101110100
1100100101110101
1100100101111000
1100100101111001
1100100101111100
1100100101111101
1100100110000100
1100100110000101
1100100110001000
1100100110001001
1100100110010000
1100100110010100
1100100110010101
1100100110011000
1100100110100000
1100100110100100
1100100110100101
1100100110101000
1100100110110000
1100100110110100
1100100110110101
1100100110111000
1100100111000000
1100100111000100
1100100111000101
1100100111001000
1100100111010000
1100100111010100
1100100111100000
1100100111100100
1100100111100101
1100100111101000
1100101000000111
1100101000001011
1100101000001101
1100101000001111
1100101000100011
1100101000100111
1100101000101001
1100101000101111
1100101000110010
1100101000110011
1100101000110100
1100101000110101
1100101000110110
1100101000110111
1100101000111000
1100101000111001
1100101000111010
1100101000111011
1100101000111100
1100101000111101
1100101000111110
1100101000111111
1100101001000011
1100101001000101
1100101001000111
1100101001001001
1100101001001011
1100101001001101
1100101001001111
1100101001010111
1100101001011000
1100101001011001
1100101001011011
1100101001011100
1100101001011101
1100101001011110
1100101001011111
1100101001100011
1100101001100101
1100101001100111
1100101001101001
1100101001101011
1100101001101101
1100101001101111
1100101001110010
1100101001110100
1100101001110110
1100101001111000
1100101001111010
1100101001111100
1100101001111110
1100101010000011
1100101010000101
1100101010000111
1100101010001001
1100101010001011
1100101010001101
1100101010001111
1100101010010011
1100101010010111
1100101010011000
1100101010100011
1100101010111000
1100101011000011
1100101011000101
1100101011000111
1100101011011000
1100101100000101
1100101100001001
1100101100001100
1100101100001101
1100101100100100
1100101100100101
1100101100101000
1100101100101001
1100101100101100
1100101100101101
1100101100110000
1100101100110100
1100101100110101
1100101100111100
1100101100111101
1100101101000100
1100101101000101
1100101101001000
1100101101001001
1100101101001100
1100101101001101
1100101101010000
1100101101011100
1100101101011101
1100101101100000
1100101101100100
1100101101100101
1100101101101000
1100101101101001
1100101101101100
1100101101101101
1100101101110100
1100101101111100
1100101110000100
1100101110000101
1100101110001000
1100101110001001
1100101110001100
1100101110001101
1100101110010000
1100101110010100
1100101110010101
1100101110011000
1100101110100000
1100101110100100
1100101110100101
1100101110101000
1100101110110000
1100101110110100
1100101110111000
1100101111000000
1100101111000100
1100101111000101
1100101111001000
1100101111010000
1100101111010100
1100101111011000
1100101111100000
1100101111100100
1100110000000011
1100110000000101
1100110000000111
1100110000001001
1100110000001101
1100110000001111
1100110000100011
1100110000100101
1100110000100111
1100110000101001
1100110000101011
1100110000101101
1100110000101111
1100110000110010
1100110000110100
1100110000110101
1100110000110110
1100110000110111
1100110000111000
1100110000111001
1100110000111010
1100110000111011
1100110000111100
1100110000111101
1100110000111110
1100110000111111
1100110001000011
1100110001000101
1100110001000111
1100110001001001
1100110001001011
1100110001001101
1100110001001111
1100110001010010
1100110001010011
1100110001010100
1100110001010101
1100110001010110
1100110001010111
1100110001011000
1100110001011001
1100110001011010
1100110001011011
1100110001011100
1100110001011101
1100110001011110
1100110001011111
1100110001100011
1100110001100111
1100110001101001
1100110001101011
1100110001101101
1100110001101111
1100110001110010
1100110001111000
1100110001111010
1100110001111100
1100110001111110
1100110010000011
1100110010000101
1100110010000111
1100110010001001
1100110010001011
1100110010001101
1100110010001111
1100110010010010
1100110010010011
1100110010010100
1100110010010101
1100110010010110
1100110010010111
1100110010011000
1100110010100011
1100110010100101
1100110010100111
1100110010110010
1100110010110100
1100110010111000
1100110011000011
1100110011000101
1100110011000111
1100110011010010
1100110011010100
1100110011010110
1100110100001001
1100110100001100
1100110100001101
1100110100100100
1100110100100101
1100110100101000
1100110100101001
1100110100101100
1100110100101101
1100110100110000
1100110100110100
1100110100110101
1100110100111000
1100110100111001
1100110100111100
1100110100111101
1100110101000100
1100110101000101
1100110101001000
1100110101001001
1100110101001100
1100110101001101
1100110101011000
1100110101011001
1100110101011100
1100110101011101
1100110101100000
1100110101100100
1100110101100101
1100110101101000
1100110101101001
1100110101101100
1100110101101101
1100110101110000
1100110101110100
1100110101111000
1100110101111100
1100110110000100
1100110110000101
1100110110001000
1100110110001001
1100110110001100
1100110110001101
1100110110010000
1100110110010100
1100110110010101
1100110110011000
1100110110100000
1100110110100100
1100110110100101
1100110110101000
1100110110110000
1100110110110100
1100110110111000
1100110111000000
1100110111000100
1100110111000101
1100110111001000
1100110111010000
1100110111010100
1100110111011000
1100110111100100
1100110111101000
1101000000110010
1101000000110011
1101000000110100
1101000000110101
1101000000110110
1101000000110111
1101000000111000
1101000001010010
1101000001010011
1101000001010100
1101000001010110
1101000001010111
1101000001011001
1101000001011010
1101000001100010
1101000001100011
1101000001100100
1101000001100101
1101000001100110
1101000001101000
1101000001101001
1101000001101010
1101000001101011
1101000001110011
1101000001110100
1101000001110101
1101000001110111
1101000001111000
1101000001111001
1101000001111010
1101000001111011
1101000001111100
1101000010010010
1101000010010011
1101000010010101
1101000010010110
1101000010010111
1101000010011000
1101000010011010
1101000010011011
1101000010011100
1101000010011101
1101000010011110
1101000010100010
1101000010100100
1101000010100101
1101000010100110
1101000010100111
1101000010101000
1101000010101001
1101000010101011
1101000010101100
1101000010101101
1101000010101110
1101000010101111
1101000010110011
1101000010110100
1101000010110101
1101000010110110
1101000010110111
1101000010111000
1101000010111001
1101000010111010
1101000010111011
1101000010111100
1101000010111101
1101000010111110
1101000010111111
1101000011000010
1101000011000011
1101000011000100
1101000011000101
1101000011000110
1101000011000111
1101000011001000
1101000011001001
1101000011001010
1101000011001011
1101000011001100
1101000011001101
1101000011001110
1101000011001111
1101000011010010
1101000011010011
1101000011010101
1101000011010110
1101000011010111
1101000011011000
1101000011011001
1101000011011010
1101000011011011
1101000011011100
1101000011100010
1101000011100011
1101000011100100
1101000011100101
1101000011100110
1101000011100111
1101000011101000
1101000011101001
1101000011101010
1101000011101011
1101000011101100
1101001000100010
1101001000100011
1101001000100100
1101001000100101
1101001000100110
1101001000100111
1101001000101000
1101001000101001
1101001000110010
1101001000110011
1101001000110100
1101001000110101
1101001000110110
1101001000110111
1101001000111000
1101001000111001
1101001001000010
1101001001000011
1101001001000100
1101001001000101
1101001001000110
1101001001000111
1101001001001000
1101001001010011
1101001001010111
1101001001011000
1101001001011001
1101001001011011
1101001001011100
1101001001100010
1101001001100011
1101001001100100
1101001001100101
1101001001100110
1101001001100111
1101001001101000
1101001001101011
1101001001101100
1101001001101101
1101001001110010
1101001001110011
1101001001110100
1101001001110110
1101001001110111
1101001001111001
1101001001111010
1101001001111011
1101001001111100
1101001001111110
1101001010000010
1101001010000011
1101001010000100
1101001010000101
1101001010000110
1101001010001000
1101001010001001
1101001010001100
1101001010001101
1101001010001110
1101001010001111
1101001010010011
1101001010010111
1101001010011000
1101001010011001
1101001010011011
1101001010011100
1101001010011110
1101001010100011
1101001010101111
1101001010110011
1101001010110111
1101001010111000
1101001010111100
1101001010111101
1101001010111110
1101001010111111
1101001011000010
1101001011000100
1101001011000101
1101001011000110
1101001011000111
1101001011001000
1101001011001001
1101001011001011
1101001011001100
1101001011001101
1101001011001110
1101001011001111
1101001011010011
1101001011010111
1101001011011000
1101001011011001
1101001011011011
1101001011011100
1101001011011101
1101001011011110
1101001011011111
1101001011100010
1101001011100011
1101001011100100
1101001011100110
1101001011100111
1101001011101000
1101001011101001
1101001011101011
1101001011101100
1101001011101101
1101001100000101
1101001100100100
1101001100100101
1101001100101000
1101001100101001
1101001100110000
1101001100110101
1101001101000101
1101001101010000
1101001101011100
1101001101011101
1101001101100000
1101001101100100
1101001101100101
1101001101101001
1101001101101100
1101001101101101
1101001101110000
1101001101110100
1101001101110101
1101001101111100
1101001101111101
1101001110000101
1101001110001100
1101001110010000
1101001110011100
1101001110100000
1101001110101000
1101001110101100
1101001110101101
1101001110110000
1101001110111100
1101001111000000
1101001111000101
1101001111001000
1101001111001001
1101001111001101
1101001111010000
1101001111011100
1101001111100000
1101001111100100
1101001111101000
1101001111101100
1101001111101101
1101010000100010
1101010000100011
1101010000100100
1101010000100101
1101010000100110
1101010000100111
1101010000101000
1101010000101001
1101010000110010
1101010000110101
1101010000110110
1101010000110111
1101010000111010
1101010000111100
1101010001000010
1101010001000110
1101010001000111
1101010001010011
1101010001011000
1101010001011001
1101010001011011
1101010001011110
1101010001100010
1101010001100011
1101010001100100
1101010001100101
1101010001100110
1101010001100111
1101010001101000
1101010001101001
1101010001101100
1101010001101101
1101010001101110
1101010001101111
1101010001110010
1101010001110011
1101010001110100
1101010001110110
1101010001110111
1101010001111000
1101010001111001
1101010001111011
1101010001111100
1101010001111110
1101010010000010
1101010010000101
1101010010000110
1101010010000111
1101010010001100
1101010010001110
1101010010001111
1101010010010111
1101010010011100
1101010010011110
1101010010100011
1101010010101111
1101010010110111
1101010010111100
1101010010111110
1101010010111111
1101010011000010
1101010011000011
1101010011000100
1101010011000110
1101010011000111
1101010011001000
1101010011001001
1101010011001011
1101010011001100
1101010011001101
1101010011001110
1101010011001111
1101010011010111
1101010011011100
1101010011011110
1101010011011111
1101010011100010
1101010011100100
1101010011100110
1101010011100111
1101010011101000
1101010011101011
1101010011101100
1101010011101101
1101010011101110
1101010100001001
1101010100110000
1101010100111000
1101010100111100
1101010101111000
1101010101111001
1101010101111100
1101010110000100
1101010110000101
1101010110001000
1101010110001100
1101010110001101
1101010110010000
1101010110011000
1101010110011100
1101010110011101
1101010110100000
1101010110111000
1101010110111001
1101010110111100
1101010111000100
1101010111001000
1101010111001001
1101010111001100
1101010111001101
1101010111010000
1101010111011000
1101010111011001
1101010111011100
1101010111100000
1101010111101000
1101010111101001
1101010111101100
1101011000000011
1101011000000101
1101011000000110
1101011000000111
1101011000001001
1101011000001010
1101011000001011
1101011000100010
1101011000100011
1101011000100100
1101011000100101
1101011000100110
1101011000100111
1101011000101000
1101011000101001
1101011000101011
1101011000101100
1101011000101101
1101011000110010
1101011000110011
1101011000110100
1101011000110101
1101011000110110
1101011000110111
1101011000111000
1101011000111001
1101011000111010
1101011000111011
1101011000111100
1101011000111101
1101011000111110
1101011001000010
1101011001000011
1101011001000100
1101011001000101
1101011001000110
1101011001000111
1101011001001000
1101011001001011
1101011001001100
1101011001001101
1101011001001110
1101011001010011
1101011001010111
1101011001011000
1101011001011001
1101011001011011
1101011001011100
1101011001011111
1101011001100010
1101011001100011
1101011001100100
1101011001100101
1101011001100110
1101011001100111
1101011001101000
1101011001101111
1101011001110100
1101011001110110
1101011001111000
1101011001111110
1101011010000010
1101011010000011
1101011010000100
1101011010000101
1101011010000110
1101011010000111
1101011010001000
1101011010001001
1101011010001100
1101011010001101
1101011010001110
1101011010001111
1101011010010011
1101011010010111
1101011010011000
1101011010011001
1101011010011011
1101011010011100
1101011010011101
1101011010011110
1101011010011111
1101011010100011
1101011010100111
1101011010111100
1101011011000010
1101011011000100
1101011011000101
1101011011000110
1101011011001000
1101011011001011
1101011011001110
1101011011001111
1101011011011000
1101011011011100
1101011011100010
1101011011100100
1101011011100110
1101011011101000
1101011011101100
1101011100000101
1101011100001001
1101011100001100
1101011100100100
1101011100100101
1101011100101001
1101011100101100
1101011100101101
1101011100110000
1101011100110100
1101011100110101
1101011100111100
1101011100111101
1101011101000100
1101011101001001
1101011101001100
1101011101001101
1101011101010000
1101011101011100
1101011101100000
1101011101100100
1101011101100101
1101011101101000
1101011101101001
1101011101101100
1101011101110000
1101011101110100
1101011110000100
1101011110000101
1101011110001000
1101011110001001
1101011110010000
1101011110010100
1101011110010101
1101011110011000
1101011110011001
1101011110011100
1101011110011101
1101011110100100
1101011110100101
1101011110101000
1101011110101001
1101011110101100
1101011110110000
1101011110110100
1101011110111100
1101011111000000
1101011111000100
1101011111000101
1101011111001001
1101011111001100
1101011111001101
1101011111010000
1101011111010100
1101011111011000
1101011111011100
1101011111100000
1101011111100100
1101011111101000
1101011111101100
1101100000100010
1101100000100011
1101100000100100
1101100000100101
1101100000100110
1101100000100111
1101100000101000
1101100000101001
1101100000101010
1101100000101011
1101100000101100
1101100000101101
1101100000101110
1101100000101111
1101100000110010
1101100000110101
1101100000110110
1101100000110111
1101100000111010
1101100000111100
1101100000111110
1101100000111111
1101100001000010
1101100001000101
1101100001000110
1101100001000111
1101100001001010
1101100001001100
1101100001001110
1101100001001111
1101100001010010
1101100001010011
1101100001010100
1101100001010101
1101100001010110
1101100001010111
1101100001011000
1101100001011001
1101100001011010
1101100001011011
1101100001011100
1101100001011101
1101100001011110
1101100001011111
1101100001100010
1101100001100011
1101100001100100
1101100001100101
1101100001100110
1101100001100111
1101100001101000
1101100001101001
1101100001101010
1101100001101100
1101100001101101
1101100001101110
1101100001110010
1101100001110011
1101100001110100
1101100001110101
1101100001110110
1101100001110111
1101100001111000
1101100001111001
1101100001111010
1101100001111011
1101100001111100
1101100010000010
1101100010000101
1101100010000110
1101100010000111
1101100010001010
1101100010001111
1101100010010010
1101100010010110
1101100010010111
1101100010011110
1101100010011111
1101100010100010
1101100010100011
1101100010100100
1101100010100101
1101100010100110
1101100010100111
1101100010101000
1101100010101001
1101100010101100
1101100010101101
1101100010101110
1101100010101111
1101100010110010
1101100010110101
1101100010110110
1101100010110111
1101100010111100
1101100010111110
1101100010111111
1101100011000010
1101100011000011
1101100011000100
1101100011000101
1101100011000110
1101100011000111
1101100011001000
1101100011001010
1101100011001011
1101100011001100
1101100011001101
1101100011001110
1101100011001111
1101100011010010
1101100011010101
1101100011010110
1101100011010111
1101100011011010
1101100011011100
1101100011011110
1101100011011111
1101100011100010
1101100011100011
1101100011100100
1101100011100101
1101100011100110
1101100011101000
1101100011101001
1101100011101010
1101100011101011
1101100011101100
1101100011101101
1101100011101110
1101100100000101
1101100100001001
1101100100001100
1101100100001101
1101100100100100
1101100100100101
1101100100101000
1101100100101001
1101100100101100
1101100100101101
1101100100110000
1101100100110101
1101100100111100
1101100101000101
1101100101001100
1101100101010000
1101100101011000
1101100101011001
1101100101011100
1101100101011101
1101100101100000
1101100101100100
1101100101100101
1101100101101000
1101100101101001
1101100101101100
1101100101101101
1101100101110000
1101100101110100
1101100101110101
1101100101111000
1101100101111001
1101100101111100
1101100101111101
1101100110000101
1101100110010101
1101100110100000
1101100110100100
1101100110100101
1101100110101000
1101100110110000
1101100110110101
1101100111000000
1101100111000100
1101100111000101
1101100111001000
1101100111010000
1101100111010101
1101100111100000
1101100111100100
1101100111100101
1101101000000011
1101101000000101
1101101000000110
1101101000000111
1101101000001001
1101101000001010
1101101000001011
1101101000001100
1101101000001101
1101101000001110
1101101000001111
1101101000100010
1101101000100011
1101101000100100
1101101000100101
1101101000100110
1101101000100111
1101101000101000
1101101000101001
1101101000101011
1101101000101100
1101101000101101
1101101000101110
1101101000101111
1101101000110010
1101101000110011
1101101000110101
1101101000110110
1101101000110111
1101101000111000
1101101000111001
1101101000111010
1101101000111011
1101101000111100
1101101000111101
1101101000111110
1101101000111111
1101101001000010
1101101001000011
1101101001000100
1101101001000101
1101101001000110
1101101001001000
1101101001001011
1101101001001100
1101101001001101
1101101001001110
1101101001001111
1101101001010011
1101101001010111
1101101001011000
1101101001011100
1101101001011101
1101101001011110
1101101001011111
1101101001100010
1101101001100011
1101101001100100
1101101001100101
1101101001100110
1101101001100111
1101101001101000
1101101001101001
1101101001101011
1101101001101100
1101101001101101
1101101001101110
1101101001101111
1101101001110010
1101101001110110
1101101001111000
1101101001111010
1101101001111100
1101101001111110
1101101010000010
1101101010000011
1101101010000100
1101101010000101
1101101010000110
1101101010000111
1101101010001000
1101101010001001
1101101010001011
1101101010001100
1101101010001101
1101101010001110
1101101010010011
1101101010010111
1101101010011000
1101101010100011
1101101010100111
1101101010111000
1101101011000010
1101101011000011
1101101011000100
1101101011000101
1101101011000110
1101101011000111
1101101011001000
1101101011011000
1101101011100010
1101101011100100
1101101011100110
1101101011101000
1101101100000101
1101101100001001
1101101100001100
1101101100001101
1101101100100101
1101101100101000
1101101100101100
1101101100101101
1101101100110101
1101101100111100
1101101101000101
1101101101001100
1101101101010000
1101101101011100
1101101101100100
1101101101100101
1101101101101100
1101101101110100
1101101101111100
1101101110000101
1101101110001100
1101101110010000
1101101110010101
1101101110100000
1101101110100100
1101101110100101
1101101110101000
1101101110110000
1101101111000100
1101101111000101
1101101111001000
1101101111010000
1101101111100000
1101101111100100
1101101111101000
1101110000000011
1101110000000101
1101110000000110
1101110000000111
1101110000001001
1101110000001010
1101110000001011
1101110000001100
1101110000001101
1101110000001110
1101110000001111
1101110000100010
1101110000100011
1101110000100100
1101110000100101
1101110000100110
1101110000100111
1101110000101000
1101110000101001
1101110000101010
1101110000101011
1101110000101100
1101110000101101
1101110000101110
1101110000101111
1101110000110010
1101110000110011
1101110000110100
1101110000110101
1101110000110110
1101110000111000
1101110000111001
1101110000111010
1101110000111100
1101110000111101
1101110000111110
1101110000111111
1101110001000010
1101110001000011
1101110001000100
1101110001000101
1101110001000110
1101110001000111
1101110001001000
1101110001001001
1101110001001010
1101110001001011
1101110001001100
1101110001001101
1101110001001110
1101110001001111
1101110001010010
1101110001010011
1101110001010100
1101110001010110
1101110001010111
1101110001011000
1101110001011001
1101110001011010
1101110001011011
1101110001011100
1101110001011101
1101110001011110
1101110001011111
1101110001100010
1101110001100011
1101110001100100
1101110001100101
1101110001100110
1101110001100111
1101110001101000
1101110001101001
1101110001101010
1101110001101011
1101110001101100
1101110001101101
1101110001101110
1101110001101111
1101110001110010
1101110001110100
1101110001110110
1101110001111000
1101110001111010
1101110001111100
1101110010000011
1101110010000100
1101110010000101
1101110010000110
1101110010000111
1101110010001000
1101110010001001
1101110010001010
1101110010001011
1101110010001100
1101110010001101
1101110010001110
1101110010001111
1101110010010010
1101110010010011
1101110010010100
1101110010010101
1101110010010110
1101110010010111
1101110010011000
1101110010100010
1101110010100011
1101110010100100
1101110010100101
1101110010100110
1101110010100111
1101110010101000
1101110010110010
1101110010110100
1101110010110110
1101110010111000
1101110011000010
1101110011000011
1101110011000100
1101110011000101
1101110011000110
1101110011000111
1101110011001000
1101110011010010
1101110011010100
1101110011010110
1101110011011000
1101110011100010
1101110011100100
1101110011100110
1101110011101000
1101110100000101
1101110100001001
1101110100001100
1101110100100100
1101110100100101
1101110100101000
1101110100101100
1101110100101101
1101110100110101
1101110100111100
1101110101001100
1101110101010000
1101110101011000
1101110101011001
1101110101011100
1101110101100000
1101110101100100
1101110101100101
1101110101101000
1101110101101001
1101110101101100
1101110101110000
1101110101110100
1101110101111000
1101110110000101
1101110110001100
1101110110010000
1101110110010101
1101110110100000
1101110110100100
1101110110100101
1101110110101000
1101110110110000
1101110111000100
1101110111000101
1101110111001000
1101110111100100
1101110111101000
